{"producer":{"name":"Blender","version":"2.78 (sub 0)","exporter_version":"4.6.1","file":"gobo6a.babylon"},
"autoClear":true,"clearColor":[0.0509,0.0509,0.0509],"ambientColor":[0,0,0],"gravity":[0,-9.81,0],
"materials":[{"name":"gobo6a.Gobo1:M_swimming_trunks_02:M_swimming_trunks_02","id":"gobo6a.Gobo1:M_swimming_trunks_02:M_swimming_trunks_02","ambient":[1,1,1],"diffuse":[1,1,1],"specular":[0,0,0],"emissive":[0,0,0],"specularPower":100,"alpha":1,"backFaceCulling":true,"checkReadyOnlyOnce":false, 
"diffuseTexture":{"name":"M_Swimming_trunks_02.png","level":1,"hasAlpha":1,"coordinatesMode":0,"uOffset":0,"vOffset":0,"uScale":1,"vScale":1,"uAng":0,"vAng":0,"wAng":0,"wrapU":1,"wrapV":1,"coordinatesIndex":0}, 
"bumpTexture":{"name":"M_Swimming_trunks_02_NRM.png","level":1,"hasAlpha":1,"coordinatesMode":0,"uOffset":0,"vOffset":0,"uScale":1,"vScale":1,"uAng":0,"vAng":0,"wAng":0,"wrapU":1,"wrapV":1,"coordinatesIndex":0}},
{"name":"gobo6a.Gobo1:Low-poly:Eye_brown","id":"gobo6a.Gobo1:Low-poly:Eye_brown","ambient":[0.11,0.11,0.11],"diffuse":[1,1,1],"specular":[1,1,1],"emissive":[0,0,0],"specularPower":511,"alpha":1,"backFaceCulling":true,"checkReadyOnlyOnce":false, 
"diffuseTexture":{"name":"brown_eye.png","level":1,"hasAlpha":1,"coordinatesMode":0,"uOffset":0,"vOffset":0,"uScale":1,"vScale":1,"uAng":0,"vAng":0,"wAng":0,"wrapU":1,"wrapV":1,"coordinatesIndex":0}},
{"name":"gobo6a.Gobo1:Body:Defaultskin","id":"gobo6a.Gobo1:Body:Defaultskin","ambient":[0.0005,0.0514,0],"diffuse":[0.005,0.467,0],"specular":[0.3,0.3,0.3],"emissive":[0,0,0],"specularPower":491,"alpha":1,"backFaceCulling":true,"checkReadyOnlyOnce":false}],
"multiMaterials":[{"name":"gobo6a.Multimaterial#0","id":"gobo6a.Multimaterial#0","materials":["gobo6a.Gobo1:M_swimming_trunks_02:M_swimming_trunks_02","gobo6a.Gobo1:Low-poly:Eye_brown","gobo6a.Gobo1:Body:Defaultskin"]}],
"skeletons":[{"name":"Gobo1","id":0,"dimensionsAtRest":[3.6682,9.2611,4.6341],"bones":[
{"name":"Hips","index":0,"matrix":[1,0,0,0,0,0.9673,0.2535,0,0,0.2535,-0.9673,0,0,2.9979,0.0008,1],"rest":[1,0,0,0,0,0.941,0.3385,0,0,0.3385,-0.941,0,0,5.6181,-0.0018,1],"parentBoneIndex":-1,"length":0.7784
,"animation":{"dataType":3,"framePerSecond":24,"keys":[
{"frame":1,"values":[1,0,0,0,0,0.9673,0.2535,0,0,0.2535,-0.9673,0,0,2.9979,0.0008,1]},
{"frame":2,"values":[1,0,0,0,0,0.9673,0.2535,0,0,0.2535,-0.9673,0,0,3.0054,0.0017,1]},
{"frame":3,"values":[1,0,0,0,0,0.9673,0.2535,0,0,0.2535,-0.9673,0,0,3.0129,0.0025,1]},
{"frame":4,"values":[1,0,0,0,0,0.9673,0.2535,0,0,0.2535,-0.9673,0,0,3.0204,0.0034,1]},
{"frame":5,"values":[1,0,0,0,0,0.9673,0.2535,0,0,0.2535,-0.9673,0,0,3.0279,0.0042,1]},
{"frame":6,"values":[1,0,0,0,0,0.9673,0.2535,0,0,0.2535,-0.9673,0,0,3.0354,0.0051,1]},
{"frame":7,"values":[1,0,0,0,0,0.9673,0.2535,0,0,0.2535,-0.9673,0,0,3.0335,0.0025,1]},
{"frame":8,"values":[1,0,0,0,0,0.9673,0.2535,0,0,0.2535,-0.9673,0,0,3.0316,0,1]},
{"frame":9,"values":[1,0,0,0,0,0.9673,0.2535,0,0,0.2535,-0.9673,0,0,3.0161,-0.0011,1]},
{"frame":10,"values":[1,0,0,0,0,0.9673,0.2535,0,0,0.2535,-0.9673,0,0,3.0005,-0.0022,1]},
{"frame":11,"values":[1,0,0,0,0,0.9673,0.2535,0,0,0.2535,-0.9673,0,0,2.9849,-0.0034,1]},
{"frame":12,"values":[1,0,0,0,0,0.9673,0.2535,0,0,0.2535,-0.9673,0,0,2.9694,-0.0045,1]},
{"frame":13,"values":[1,0,0,0,0,0.9673,0.2535,0,0,0.2535,-0.9673,0,0,2.9583,-0.004,1]},
{"frame":14,"values":[1,0,0,0,0,0.9673,0.2535,0,0,0.2535,-0.9673,0,0,2.9472,-0.0035,1]},
{"frame":15,"values":[1,0,0,0,0,0.9673,0.2535,0,0,0.2535,-0.9673,0,0,2.9362,-0.003,1]},
{"frame":16,"values":[1,0,0,0,0,0.9673,0.2535,0,0,0.2535,-0.9673,0,0,2.9251,-0.0025,1]},
{"frame":17,"values":[1,0,0,0,0,0.9673,0.2535,0,0,0.2535,-0.9673,0,0,2.9141,-0.002,1]},
{"frame":18,"values":[1,0,0,0,0,0.9673,0.2535,0,0,0.2535,-0.9673,0,0,2.903,-0.0015,1]},
{"frame":19,"values":[1,0,0,0,0,0.9673,0.2535,0,0,0.2535,-0.9673,0,0,2.892,-0.001,1]},
{"frame":20,"values":[1,0,0,0,0,0.9673,0.2535,0,0,0.2535,-0.9673,0,0,2.8809,-0.0005,1]},
{"frame":21,"values":[1,0,0,0,0,0.9673,0.2535,0,0,0.2535,-0.9673,0,0,2.8698,0,1]},
{"frame":22,"values":[1,0,0,0,0,0.9673,0.2535,0,0,0.2535,-0.9673,0,0,2.8765,0.0009,1]},
{"frame":23,"values":[1,0,0,0,0,0.9673,0.2535,0,0,0.2535,-0.9673,0,0,2.8831,0.0018,1]},
{"frame":24,"values":[1,0,0,0,0,0.9673,0.2535,0,0,0.2535,-0.9673,0,0,2.8897,0.0027,1]},
{"frame":25,"values":[1,0,0,0,0,0.9673,0.2535,0,0,0.2535,-0.9673,0,0,2.8963,0.0036,1]},
{"frame":26,"values":[1,0,0,0,0,0.9673,0.2535,0,0,0.2535,-0.9673,0,0,2.903,0.0044,1]},
{"frame":27,"values":[1,0,0,0,0,0.9673,0.2535,0,0,0.2535,-0.9673,0,0,2.9096,0.0053,1]},
{"frame":28,"values":[1,0,0,0,0,0.9673,0.2535,0,0,0.2535,-0.9673,0,0,2.9101,0.004,1]},
{"frame":29,"values":[1,0,0,0,0,0.9673,0.2535,0,0,0.2535,-0.9673,0,0,2.9105,0.0027,1]},
{"frame":30,"values":[1,0,0,0,0,0.9673,0.2535,0,0,0.2535,-0.9673,0,0,2.911,0.0013,1]},
{"frame":31,"values":[1,0,0,0,0,0.9673,0.2535,0,0,0.2535,-0.9673,0,0,2.9114,0,1]},
{"frame":32,"values":[1,0,0,0,0,0.9673,0.2535,0,0,0.2535,-0.9673,0,0,2.9261,0,1]},
{"frame":33,"values":[1,0,0,0,0,0.9673,0.2535,0,0,0.2535,-0.9673,0,0,2.9408,0,1]},
{"frame":34,"values":[1,0,0,0,0,0.9673,0.2535,0,0,0.2535,-0.9673,0,0,2.9555,0,1]},
{"frame":35,"values":[1,0,0,0,0,0.9673,0.2535,0,0,0.2535,-0.9673,0,0,2.9702,0,1]},
{"frame":36,"values":[1,0,0,0,0,0.9673,0.2535,0,0,0.2535,-0.9673,0,0,2.9849,0,1]},
{"frame":37,"values":[1,0,0,0,0,0.9673,0.2535,0,0,0.2535,-0.9673,0,0,2.9996,0,1]},
{"frame":38,"values":[1,0,0,0,0,0.9673,0.2535,0,0,0.2535,-0.9673,0,0,2.9914,-0.0022,1]},
{"frame":39,"values":[1,0,0,0,0,0.9673,0.2535,0,0,0.2535,-0.9673,0,0,2.9831,-0.0045,1]},
{"frame":40,"values":[1,0,0,0,0,0.9673,0.2535,0,0,0.2535,-0.9673,0,0,2.9749,-0.0067,1]},
{"frame":41,"values":[1,0,0,0,0,0.9673,0.2535,0,0,0.2535,-0.9673,0,0,2.9791,-0.0045,1]},
{"frame":42,"values":[1,0,0,0,0,0.9673,0.2535,0,0,0.2535,-0.9673,0,0,2.9833,-0.0022,1]},
{"frame":43,"values":[1,0,0,0,0,0.9673,0.2535,0,0,0.2535,-0.9673,0,0,2.9874,0,1]},
{"frame":44,"values":[1,0,0,0,0,0.941,0.3385,0,0,0.3385,-0.941,0,0,2.9443,0,1]},
{"frame":45,"values":[1,0,0,0,0,0.941,0.3385,0,0,0.3385,-0.941,0,0,3.0159,0,1]},
{"frame":46,"values":[1,0,0,0,0,0.941,0.3385,0,0,0.3385,-0.941,0,0,3.0875,0,1]},
{"frame":47,"values":[1,0,0,0,0,0.941,0.3385,0,0,0.3385,-0.941,0,0,3.125,0.0024,1]},
{"frame":48,"values":[1,0,0,0,0,0.941,0.3385,0,0,0.3385,-0.941,0,0,3.1625,0.0048,1]},
{"frame":49,"values":[1,0,0,0,0,0.941,0.3385,0,0,0.3385,-0.941,0,0,3.1799,0,1]},
{"frame":50,"values":[1,0,0,0,0,0.941,0.3385,0,0,0.3385,-0.941,0,0,3.1643,0.0066,1]},
{"frame":51,"values":[1,0,0,0,0,0.941,0.3385,0,0,0.3385,-0.941,0,0,3.1258,0.005,1]},
{"frame":52,"values":[1,0,0,0,0,0.941,0.3385,0,0,0.3385,-0.941,0,0,3.0873,0.0033,1]},
{"frame":53,"values":[1,0,0,0,0,0.941,0.3385,0,0,0.3385,-0.941,0,0,3.0488,0.0017,1]},
{"frame":54,"values":[1,0,0,0,0,0.941,0.3385,0,0,0.3385,-0.941,0,0,3.0103,0,1]},
{"frame":55,"values":[0.9147,0.0633,-0.3992,0,0.1177,0.9032,0.4128,0,-0.3867,0.4245,-0.8187,0,0,3.9223,0.0006,1]},
{"frame":56,"values":[0.91,0.0695,-0.4087,0,0.1188,0.9008,0.4176,0,-0.3972,0.4286,-0.8115,0,0,3.9212,0.0013,1]},
{"frame":57,"values":[0.9043,0.0807,-0.4191,0,0.1146,0.9,0.4206,0,-0.4111,0.4284,-0.8046,0,0,3.9201,0.0019,1]},
{"frame":58,"values":[0.9006,0.0801,-0.4273,0,0.1201,0.8988,0.4217,0,-0.4178,0.4311,-0.7998,0,0,3.919,0.0026,1]},
{"frame":59,"values":[0.8949,0.0748,-0.4399,0,0.1318,0.8975,0.4209,0,-0.4263,0.4346,-0.7933,0,0,3.9179,0.0032,1]},
{"frame":60,"values":[0.8874,0.0715,-0.4555,0,0.1443,0.8952,0.4216,0,-0.4379,0.4398,-0.7841,0,0,3.9168,0.0038,1]},
{"frame":61,"values":[0.8773,0.0672,-0.4752,0,0.1579,0.8945,0.4182,0,-0.4531,0.4419,-0.7742,0,0,3.9157,0.0045,1]},
{"frame":62,"values":[0.8697,0.0835,-0.4865,0,0.151,0.8933,0.4233,0,-0.47,0.4416,-0.7643,0,0,3.9147,0.0051,1]},
{"frame":63,"values":[0.8623,0.0867,-0.4988,0,0.1563,0.8915,0.4252,0,-0.4816,0.4447,-0.7552,0,0,3.9136,0.0058,1]},
{"frame":64,"values":[0.8461,0.101,-0.5234,0,0.1557,0.8923,0.4238,0,-0.5098,0.4401,-0.7392,0,0,3.9125,0.0064,1]},
{"frame":65,"values":[0.8357,0.093,-0.5413,0,0.1736,0.8903,0.421,0,-0.5211,0.4458,-0.7278,0,0,3.9114,0.0071,1]},
{"frame":66,"values":[0.8205,0.0867,-0.5651,0,0.1947,0.8869,0.4189,0,-0.5375,0.4537,-0.7108,0,0,3.9103,0.0077,1]},
{"frame":67,"values":[0.8123,0.1086,-0.573,0,0.1804,0.8876,0.4239,0,-0.5547,0.4477,-0.7014,0,0,3.9092,0.0083,1]},
{"frame":68,"values":[0.8035,0.1131,-0.5845,0,0.1862,0.8848,0.4271,0,-0.5654,0.452,-0.6899,0,0,3.9081,0.009,1]},
{"frame":69,"values":[0.7957,0.1253,-0.5926,0,0.1838,0.8823,0.4334,0,-0.5771,0.4538,-0.679,0,0,3.9012,0.0075,1]},
{"frame":70,"values":[0.7864,0.1103,-0.6078,0,0.1989,0.8863,0.4182,0,-0.5849,0.4497,-0.675,0,0,3.8943,0.0061,1]},
{"frame":71,"values":[0.7937,0.128,-0.5946,0,0.186,0.8797,0.4376,0,-0.5791,0.458,-0.6745,0,0,3.8874,0.0046,1]},
{"frame":72,"values":[0.7978,0.1213,-0.5906,0,0.1903,0.8788,0.4376,0,-0.5721,0.4615,-0.678,0,0,3.8805,0.0032,1]},
{"frame":73,"values":[0.7898,0.1053,-0.6043,0,0.2046,0.8835,0.4214,0,-0.5783,0.4564,-0.6762,0,0,3.8736,0.0017,1]},
{"frame":74,"values":[0.7858,0.1172,-0.6073,0,0.1978,0.8827,0.4263,0,-0.586,0.4551,-0.6704,0,0,3.8667,0.0002,1]},
{"frame":75,"values":[0.7901,0.1122,-0.6026,0,0.1994,0.8826,0.4257,0,-0.5796,0.4565,-0.675,0,0,3.8665,0.0012,1]},
{"frame":76,"values":[0.7815,0.1063,-0.6148,0,0.2084,0.8844,0.4177,0,-0.5881,0.4545,-0.669,0,0,3.8663,0.0022,1]},
{"frame":77,"values":[0.7877,0.1121,-0.6058,0,0.1985,0.8847,0.4218,0,-0.5832,0.4525,-0.6746,0,0,3.8661,0.0031,1]},
{"frame":78,"values":[0.7993,0.1034,-0.5919,0,0.1953,0.8869,0.4187,0,-0.5683,0.4503,-0.6887,0,0,3.8659,0.0041,1]},
{"frame":79,"values":[0.8099,0.1008,-0.5778,0,0.1884,0.8882,0.419,0,-0.5554,0.4482,-0.7004,0,0,3.8616,0.0036,1]},
{"frame":80,"values":[0.8268,0.0784,-0.557,0,0.1924,0.8911,0.411,0,-0.5286,0.447,-0.7217,0,0,3.8573,0.0031,1]},
{"frame":81,"values":[0.8492,0.0559,-0.5251,0,0.1934,0.8924,0.4078,0,-0.4913,0.4478,-0.747,0,0,3.853,0.0026,1]},
{"frame":82,"values":[0.8685,0.0541,-0.4927,0,0.1764,0.8952,0.4092,0,-0.4632,0.4423,-0.768,0,0,3.8487,0.002,1]},
{"frame":83,"values":[0.8985,0.0423,-0.437,0,0.1632,0.8919,0.4218,0,-0.4076,0.4503,-0.7944,0,0,3.8444,0.0015,1]},
{"frame":84,"values":[0.9246,0.0272,-0.3799,0,0.1466,0.8952,0.4209,0,-0.3515,0.4448,-0.8237,0,0,3.8401,0.001,1]},
{"frame":85,"values":[0.9504,0.0077,-0.3108,0,0.1296,0.899,0.4183,0,-0.2826,0.4379,-0.8535,0,0,3.8359,0.0005,1]},
{"frame":86,"values":[0.9723,-0.0033,-0.2336,0,0.103,0.9034,0.4161,0,-0.2097,0.4287,-0.8788,0,0,3.8316,0,1]},
{"frame":87,"values":[0.9862,-0.0197,-0.1643,0,0.0865,0.9076,0.4108,0,-0.141,0.4193,-0.8968,0,0,3.833,0,1]},
{"frame":88,"values":[0.9934,-0.0288,-0.1113,0,0.071,0.9149,0.3975,0,-0.0904,0.4027,-0.9108,0,0,3.8345,0,1]},
{"frame":89,"values":[0.9958,-0.0531,-0.0748,0,0.0778,0.9209,0.382,0,-0.0486,0.3862,-0.9211,0,0,3.836,0,1]},
{"frame":90,"values":[0.9947,-0.0866,-0.0554,0,0.1008,0.9278,0.3593,0,-0.0203,0.363,-0.9316,0,0,3.8375,0,1]},
{"frame":91,"values":[0.994,-0.1049,-0.0324,0,0.1096,0.933,0.3427,0,0.0057,0.3442,-0.9389,0,0,3.8389,0,1]},
{"frame":92,"values":[0.9916,-0.129,-0.0113,0,0.1256,0.937,0.326,0,0.0315,0.3247,-0.9453,0,0,3.8404,0,1]},
{"frame":93,"values":[0.99,-0.1405,0.0117,0,0.1299,0.9413,0.3114,0,0.0547,0.3068,-0.9502,0,0,3.8419,0,1]},
{"frame":94,"values":[0.9869,-0.1548,0.0447,0,0.1347,0.9451,0.2976,0,0.0883,0.2877,-0.9536,0,0,3.8433,0,1]},
{"frame":95,"values":[0.9857,-0.1507,0.0749,0,0.1231,0.9492,0.2897,0,0.1148,0.2763,-0.9542,0,0,3.8448,0,1]},
{"frame":96,"values":[0.9827,-0.159,0.0951,0,0.1256,0.9491,0.2889,0,0.1362,0.2719,-0.9526,0,0,3.8463,0,1]},
{"frame":97,"values":[0.9845,-0.1468,0.0963,0,0.1139,0.9514,0.2862,0,0.1337,0.2708,-0.9533,0,0,3.8478,0,1]},
{"frame":98,"values":[0.985,-0.1515,0.083,0,0.1217,0.9496,0.2889,0,0.1226,0.2745,-0.9537,0,0,3.8492,0,1]},
{"frame":99,"values":[0.9873,-0.1473,0.0588,0,0.1245,0.9495,0.2881,0,0.0983,0.2772,-0.9558,0,0,3.8507,0,1]},
{"frame":100,"values":[0.9912,-0.1276,0.035,0,0.1117,0.9487,0.2956,0,0.0709,0.2891,-0.9547,0,0,3.8522,0,1]},
{"frame":101,"values":[0.9922,-0.1242,0.0106,0,0.1154,0.9473,0.2988,0,0.0472,0.2952,-0.9543,0,0,3.8537,0,1]},
{"frame":102,"values":[0.9928,-0.1177,-0.0227,0,0.119,0.9461,0.3012,0,0.014,0.3018,-0.9533,0,0,3.8551,0,1]},
{"frame":103,"values":[0.9923,-0.1108,-0.0562,0,0.1228,0.9434,0.3082,0,-0.0189,0.3127,-0.9497,0,0,3.8566,0,1]},
{"frame":104,"values":[0.9922,-0.0852,-0.0913,0,0.1105,0.9395,0.3241,0,-0.0582,0.3317,-0.9416,0,0,3.8581,0,1]},
{"frame":105,"values":[0.9879,-0.0799,-0.1329,0,0.1201,0.9363,0.33,0,-0.0981,0.342,-0.9346,0,0,3.8596,0,1]},
{"frame":106,"values":[0.9809,-0.071,-0.1809,0,0.1308,0.9296,0.3445,0,-0.1438,0.3616,-0.9212,0,0,3.861,0,1]},
{"frame":107,"values":[0.9718,-0.0521,-0.2301,0,0.1336,0.9255,0.3544,0,-0.1945,0.3752,-0.9063,0,0,3.8625,0,1]},
{"frame":108,"values":[0.9585,-0.0412,-0.2821,0,0.1472,0.919,0.3657,0,-0.2442,0.392,-0.887,0,0,3.8586,0.0012,1]},
{"frame":109,"values":[0.9397,-0.0303,-0.3406,0,0.1638,0.9143,0.3705,0,-0.3002,0.404,-0.8641,0,0,3.8547,0.0023,1]},
{"frame":110,"values":[0.9181,-0.0014,-0.3963,0,0.1684,0.9066,0.387,0,-0.3588,0.422,-0.8326,0,0,3.8508,0.0035,1]},
{"frame":111,"values":[0.8945,0.0159,-0.4469,0,0.1828,0.8991,0.3978,0,-0.4081,0.4375,-0.8013,0,0,3.8469,0.0046,1]},
{"frame":112,"values":[0.8689,0.0225,-0.4945,0,0.2043,0.8936,0.3997,0,-0.4509,0.4483,-0.7718,0,0,3.8429,0.0058,1]},
{"frame":113,"values":[0.846,0.0449,-0.5312,0,0.2108,0.887,0.4108,0,-0.4897,0.4595,-0.741,0,0,3.8332,0.0048,1]},
{"frame":114,"values":[0.8267,0.0507,-0.5603,0,0.2278,0.8805,0.4158,0,-0.5144,0.4714,-0.7164,0,0,3.8234,0.0039,1]},
{"frame":115,"values":[0.8078,0.0633,-0.5861,0,0.2382,0.8744,0.4227,0,-0.5392,0.481,-0.6912,0,0,3.8136,0.0029,1]},
{"frame":116,"values":[0.7899,0.0684,-0.6095,0,0.256,0.8663,0.4289,0,-0.5573,0.4948,-0.6668,0,0,3.8038,0.0019,1]},
{"frame":117,"values":[0.766,0.0963,-0.6355,0,0.2569,0.8604,0.4401,0,-0.5892,0.5004,-0.6344,0,0,3.794,0.001,1]},
{"frame":118,"values":[0.7461,0.0974,-0.6587,0,0.2706,0.8595,0.4336,0,-0.6084,0.5018,-0.6149,0,0,3.7842,0,1]},
{"frame":119,"values":[0.7326,0.129,-0.6683,0,0.2559,0.8576,0.4461,0,-0.6307,0.4979,-0.5952,0,0,3.7871,0,1]},
{"frame":120,"values":[0.7203,0.1174,-0.6837,0,0.2652,0.8641,0.4278,0,-0.641,0.4895,-0.5912,0,0,3.7901,0,1]},
{"frame":121,"values":[0.7198,0.1242,-0.6829,0,0.258,0.8655,0.4293,0,-0.6444,0.4852,-0.591,0,0,3.793,0,1]},
{"frame":122,"values":[0.7293,0.1127,-0.6748,0,0.2575,0.8686,0.4233,0,-0.6339,0.4825,-0.6045,0,0,3.7959,0,1]},
{"frame":123,"values":[0.74,0.1092,-0.6637,0,0.2526,0.8694,0.4247,0,-0.6234,0.4819,-0.6157,0,0,3.7989,0,1]},
{"frame":124,"values":[0.7619,0.0941,-0.6408,0,0.2421,0.8763,0.4166,0,-0.6007,0.4726,-0.6449,0,0,3.8018,0,1]},
{"frame":125,"values":[0.7913,0.0965,-0.6037,0,0.2173,0.8785,0.4254,0,-0.5715,0.4678,-0.6742,0,0,3.8048,0,1]},
{"frame":126,"values":[0.8226,0.0627,-0.5651,0,0.2186,0.8826,0.4162,0,-0.5249,0.466,-0.7123,0,0,3.8077,0,1]},
{"frame":127,"values":[0.8559,0.0566,-0.514,0,0.1946,0.8857,0.4216,0,-0.4791,0.4608,-0.747,0,0,3.8107,0,1]},
{"frame":128,"values":[0.8903,0.0533,-0.4523,0,0.1641,0.8889,0.4277,0,-0.4249,0.455,-0.7826,0,0,3.8136,0,1]},
{"frame":129,"values":[0.9178,0.0314,-0.3959,0,0.1481,0.8979,0.4145,0,-0.3684,0.439,-0.8194,0,0,3.8166,0,1]},
{"frame":130,"values":[0.9393,0.0122,-0.3429,0,0.1366,0.9034,0.4064,0,-0.3148,0.4285,-0.8469,0,0,3.8289,0.0008,1]},
{"frame":131,"values":[0.9575,-0.0062,-0.2885,0,0.1257,0.909,0.3975,0,-0.2597,0.4168,-0.8711,0,0,3.8412,0.0016,1]},
{"frame":132,"values":[0.97,-0.0325,-0.2408,0,0.1259,0.9147,0.384,0,-0.2078,0.4028,-0.8914,0,0,3.8535,0.0025,1]},
{"frame":133,"values":[0.9752,-0.0674,-0.2109,0,0.1414,0.9225,0.3592,0,-0.1704,0.3801,-0.9091,0,0,3.8659,0.0033,1]},
{"frame":134,"values":[0.978,-0.0814,-0.1921,0,0.1433,0.9312,0.335,0,-0.1516,0.3552,-0.9224,0,0,3.8782,0.0041,1]},
{"frame":135,"values":[0.9767,-0.1119,-0.1831,0,0.1669,0.9326,0.3201,0,-0.135,0.3432,-0.9295,0,0,3.8825,0.0021,1]},
{"frame":136,"values":[0.9787,-0.1209,-0.1658,0,0.1669,0.9391,0.3004,0,-0.1194,0.3217,-0.9393,0,0,3.8869,0,1]},
{"frame":137,"values":[0.981,-0.131,-0.1433,0,0.1676,0.944,0.2843,0,-0.098,0.3029,-0.948,0,0,3.8825,-0.0009,1]},
{"frame":138,"values":[0.9822,-0.1428,-0.1223,0,0.1721,0.9448,0.279,0,-0.0757,0.2951,-0.9525,0,0,3.8781,-0.0017,1]},
{"frame":139,"values":[0.9829,-0.1486,-0.1088,0,0.1733,0.9462,0.2732,0,-0.0624,0.2874,-0.9558,0,0,3.8737,-0.0026,1]},
{"frame":140,"values":[0.9831,-0.1507,-0.104,0,0.1738,0.9465,0.2717,0,-0.0575,0.2852,-0.9567,0,0,3.8694,-0.0034,1]},
{"frame":141,"values":[0.9836,-0.1405,-0.113,0,0.167,0.9462,0.2771,0,-0.068,0.2914,-0.9542,0,0,3.865,-0.0043,1]},
{"frame":142,"values":[0.9818,-0.1382,-0.1304,0,0.1703,0.9445,0.2811,0,-0.0843,0.2982,-0.9508,0,0,3.8606,-0.0051,1]},
{"frame":143,"values":[0.9813,-0.1267,-0.1447,0,0.1641,0.9441,0.286,0,-0.1004,0.3044,-0.9472,0,0,3.8563,-0.006,1]},
{"frame":144,"values":[0.9794,-0.1215,-0.1614,0,0.1652,0.9414,0.294,0,-0.1163,0.3146,-0.9421,0,0,3.8592,-0.0042,1]},
{"frame":145,"values":[0.979,-0.0989,-0.1785,0,0.1507,0.9402,0.3056,0,-0.1375,0.3261,-0.9353,0,0,3.8622,-0.0024,1]},
{"frame":146,"values":[0.9762,-0.0765,-0.2028,0,0.1384,0.9401,0.3116,0,-0.1668,0.3322,-0.9283,0,0,3.8652,-0.0006,1]},
{"frame":147,"values":[0.9699,-0.0795,-0.2302,0,0.1525,0.9352,0.3196,0,-0.1899,0.3451,-0.9192,0,0,3.8682,0.0012,1]},
{"frame":148,"values":[0.9623,-0.0601,-0.2653,0,0.1489,0.9325,0.3289,0,-0.2277,0.356,-0.9063,0,0,3.8658,0.0011,1]},
{"frame":149,"values":[0.9487,-0.0547,-0.3115,0,0.1628,0.9289,0.3326,0,-0.2711,0.3663,-0.8901,0,0,3.8635,0.0009,1]},
{"frame":150,"values":[0.9326,-0.0454,-0.3579,0,0.1732,0.9266,0.3338,0,-0.3165,0.3734,-0.872,0,0,3.8611,0.0008,1]},
{"frame":151,"values":[0.9132,-0.0248,-0.4068,0,0.1787,0.9214,0.345,0,-0.3663,0.3877,-0.8459,0,0,3.8587,0.0007,1]},
{"frame":152,"values":[0.8917,-0.0185,-0.4523,0,0.1969,0.9155,0.3509,0,-0.4076,0.402,-0.82,0,0,3.8564,0.0005,1]},
{"frame":153,"values":[0.8683,0.0118,-0.4959,0,0.1929,0.9129,0.3596,0,-0.457,0.408,-0.7904,0,0,3.854,0.0004,1]},
{"frame":154,"values":[0.8426,0.0352,-0.5373,0,0.1975,0.9081,0.3693,0,-0.5009,0.4173,-0.7582,0,0,3.8516,0.0003,1]},
{"frame":155,"values":[0.811,0.0613,-0.5818,0,0.2029,0.9033,0.378,0,-0.5487,0.4246,-0.7201,0,0,3.8493,0.0001,1]},
{"frame":156,"values":[0.7859,0.0788,-0.6133,0,0.2054,0.9022,0.3791,0,-0.5832,0.424,-0.6929,0,0,3.8469,0,1]},
{"frame":157,"values":[0.7607,0.0845,-0.6436,0,0.2242,0.8962,0.3827,0,-0.6091,0.4354,-0.6628,0,0,3.8318,-0.0012,1]},
{"frame":158,"values":[0.7383,0.0994,-0.6671,0,0.2302,0.8926,0.3877,0,-0.6339,0.4398,-0.6361,0,0,3.8167,-0.0024,1]},
{"frame":159,"values":[0.7144,0.112,-0.6908,0,0.2419,0.8868,0.3939,0,-0.6567,0.4485,-0.6064,0,0,3.8015,-0.0035,1]},
{"frame":160,"values":[0.6817,0.1256,-0.7208,0,0.2513,0.885,0.3919,0,-0.6872,0.4483,-0.5717,0,0,3.7864,-0.0047,1]},
{"frame":161,"values":[0.6634,0.1439,-0.7343,0,0.2574,0.8776,0.4045,0,-0.7026,0.4573,-0.5451,0,0,3.7779,-0.0035,1]},
{"frame":162,"values":[0.6462,0.1733,-0.7432,0,0.2633,0.8635,0.4302,0,-0.7163,0.4737,-0.5124,0,0,3.7693,-0.0024,1]},
{"frame":163,"values":[0.6241,0.1664,-0.7634,0,0.2709,0.8704,0.4111,0,-0.7329,0.4634,-0.4981,0,0,3.7608,-0.0012,1]},
{"frame":164,"values":[0.6092,0.1719,-0.7742,0,0.2716,0.872,0.4073,0,-0.7451,0.4583,-0.4845,0,0,3.7522,0,1]},
{"frame":165,"values":[0.5993,0.1625,-0.7839,0,0.284,0.8724,0.3979,0,-0.7485,0.4611,-0.4767,0,0,3.7581,-0.0011,1]},
{"frame":166,"values":[0.6022,0.1696,-0.7801,0,0.2787,0.871,0.4045,0,-0.7481,0.461,-0.4772,0,0,3.764,-0.0023,1]},
{"frame":167,"values":[0.619,0.1613,-0.7687,0,0.2721,0.874,0.4026,0,-0.7368,0.4584,-0.4971,0,0,3.77,-0.0034,1]},
{"frame":168,"values":[0.6393,0.1612,-0.7519,0,0.2601,0.8748,0.4087,0,-0.7237,0.4568,-0.5173,0,0,3.7759,-0.0046,1]},
{"frame":169,"values":[0.6655,0.1442,-0.7324,0,0.2502,0.8813,0.4009,0,-0.7032,0.45,-0.5504,0,0,3.7818,-0.0057,1]},
{"frame":170,"values":[0.6924,0.1223,-0.7111,0,0.2474,0.8855,0.3932,0,-0.6777,0.4482,-0.5829,0,0,3.7877,-0.0068,1]},
{"frame":171,"values":[0.7314,0.0962,-0.6751,0,0.2419,0.889,0.3888,0,-0.6376,0.4477,-0.627,0,0,3.7991,-0.006,1]},
{"frame":172,"values":[0.7702,0.0958,-0.6306,0,0.217,0.8904,0.4002,0,-0.5998,0.445,-0.665,0,0,3.8106,-0.0051,1]},
{"frame":173,"values":[0.8021,0.0582,-0.5944,0,0.2186,0.8976,0.3829,0,-0.5558,0.437,-0.7072,0,0,3.822,-0.0043,1]},
{"frame":174,"values":[0.8328,0.0631,-0.55,0,0.188,0.9022,0.3882,0,-0.5207,0.4267,-0.7394,0,0,3.8335,-0.0034,1]},
{"frame":175,"values":[0.8543,0.019,-0.5195,0,0.2046,0.9064,0.3695,0,-0.4779,0.4219,-0.7705,0,0,3.8449,-0.0026,1]},
{"frame":176,"values":[0.8743,0.0016,-0.4854,0,0.1971,0.9127,0.358,0,-0.4436,0.4086,-0.7977,0,0,3.8564,-0.0017,1]},
{"frame":177,"values":[0.8887,-0.0133,-0.4584,0,0.1892,0.9212,0.3401,0,-0.4177,0.389,-0.8211,0,0,3.8678,-0.0009,1]},
{"frame":178,"values":[0.9042,-0.0359,-0.4255,0,0.1879,0.9283,0.321,0,-0.3835,0.3702,-0.8461,0,0,3.8792,0,1]},
{"frame":179,"values":[0.915,-0.0455,-0.4008,0,0.1823,0.933,0.3103,0,-0.3598,0.357,-0.862,0,0,3.8755,-0.0014,1]},
{"frame":180,"values":[0.9237,-0.0617,-0.3781,0,0.1844,0.9367,0.2977,0,-0.3359,0.3447,-0.8766,0,0,3.8718,-0.0028,1]},
{"frame":181,"values":[0.9309,-0.0816,-0.356,0,0.1902,0.9405,0.2817,0,-0.3118,0.33,-0.891,0,0,3.8681,-0.0041,1]},
{"frame":182,"values":[0.9409,-0.0797,-0.3291,0,0.1766,0.9447,0.2762,0,-0.2889,0.318,-0.903,0,0,3.8644,-0.0055,1]},
{"frame":183,"values":[0.9505,-0.0865,-0.2986,0,0.1709,0.9478,0.2693,0,-0.2597,0.307,-0.9156,0,0,3.8607,-0.0069,1]},
{"frame":184,"values":[0.957,-0.1027,-0.2714,0,0.1769,0.9479,0.265,0,-0.2301,0.3016,-0.9253,0,0,3.868,-0.0043,1]},
{"frame":185,"values":[0.9593,-0.1051,-0.2621,0,0.1763,0.948,0.2649,0,-0.2206,0.3003,-0.928,0,0,3.8754,-0.0017,1]},
{"frame":186,"values":[0.9597,-0.1042,-0.2611,0,0.1761,0.9468,0.2695,0,-0.2191,0.3046,-0.9269,0,0,3.8628,-0.0062,1]},
{"frame":187,"values":[0.9585,-0.1046,-0.2654,0,0.1788,0.9452,0.2733,0,-0.2223,0.3094,-0.9246,0,0,3.8658,-0.0052,1]},
{"frame":188,"values":[0.9547,-0.1015,-0.2799,0,0.1813,0.9439,0.276,0,-0.2361,0.3142,-0.9195,0,0,3.8688,-0.0041,1]},
{"frame":189,"values":[0.9463,-0.0678,-0.3162,0,0.1688,0.9376,0.304,0,-0.2758,0.341,-0.8987,0,0,3.8718,-0.0031,1]},
{"frame":190,"values":[0.9486,-0.069,-0.309,0,0.1677,0.9374,0.3053,0,-0.2686,0.3414,-0.9007,0,0,3.8748,-0.0021,1]},
{"frame":191,"values":[0.946,-0.0679,-0.317,0,0.17,0.9364,0.307,0,-0.276,0.3443,-0.8974,0,0,3.8778,-0.001,1]},
{"frame":192,"values":[0.9386,-0.0364,-0.3431,0,0.1528,0.9354,0.3188,0,-0.3094,0.3517,-0.8835,0,0,3.8808,0,1]},
{"frame":193,"values":[0.9293,-0.033,-0.3679,0,0.1622,0.9313,0.3261,0,-0.3319,0.3627,-0.8708,0,0,3.8787,0,1]},
{"frame":194,"values":[0.9162,-0.0359,-0.3991,0,0.1804,0.9263,0.3307,0,-0.3579,0.375,-0.8552,0,0,3.8765,0,1]},
{"frame":195,"values":[0.9055,-0.0014,-0.4244,0,0.165,0.9225,0.349,0,-0.391,0.386,-0.8355,0,0,3.8744,0,1]},
{"frame":196,"values":[0.8953,0.0103,-0.4453,0,0.1689,0.9172,0.3609,0,-0.4122,0.3984,-0.8194,0,0,3.8722,0,1]},
{"frame":197,"values":[0.8817,0.019,-0.4715,0,0.1786,0.9114,0.3707,0,-0.4368,0.4111,-0.8002,0,0,3.87,0,1]},
{"frame":198,"values":[0.8672,0.0266,-0.4973,0,0.1873,0.9078,0.3752,0,-0.4614,0.4185,-0.7823,0,0,3.8679,0,1]},
{"frame":199,"values":[0.8562,0.0429,-0.5149,0,0.1869,0.9033,0.3861,0,-0.4817,0.4269,-0.7653,0,0,3.8529,-0.0011,1]},
{"frame":200,"values":[0.8471,0.0543,-0.5286,0,0.1899,0.8982,0.3966,0,-0.4963,0.4363,-0.7505,0,0,3.8379,-0.0023,1]},
{"frame":201,"values":[0.8403,0.0806,-0.5361,0,0.1772,0.8937,0.4121,0,-0.5123,0.4413,-0.7367,0,0,3.8229,-0.0034,1]},
{"frame":202,"values":[0.8332,0.0895,-0.5457,0,0.1804,0.8888,0.4213,0,-0.5227,0.4495,-0.7244,0,0,3.8079,-0.0045,1]},
{"frame":203,"values":[0.8233,0.1043,-0.558,0,0.1794,0.8848,0.43,0,-0.5385,0.4541,-0.7097,0,0,3.7929,-0.0057,1]},
{"frame":204,"values":[0.8267,0.114,-0.551,0,0.1733,0.8801,0.4421,0,-0.5354,0.4609,-0.7078,0,0,3.7862,-0.0038,1]},
{"frame":205,"values":[0.8213,0.1223,-0.5573,0,0.1753,0.8755,0.4504,0,-0.5429,0.4676,-0.6976,0,0,3.7796,-0.0019,1]},
{"frame":206,"values":[0.8258,0.1263,-0.5497,0,0.1677,0.8756,0.453,0,-0.5385,0.4663,-0.7018,0,0,3.773,0,1]},
{"frame":207,"values":[0.8247,0.1262,-0.5514,0,0.1667,0.8773,0.45,0,-0.5405,0.463,-0.7025,0,0,3.7729,0.0001,1]},
{"frame":208,"values":[0.8305,0.1214,-0.5437,0,0.1649,0.8787,0.448,0,-0.5321,0.4617,-0.7097,0,0,3.7728,0.0003,1]},
{"frame":209,"values":[0.8406,0.1039,-0.5315,0,0.1719,0.8795,0.4437,0,-0.5136,0.4644,-0.7215,0,0,3.7727,0.0004,1]},
{"frame":210,"values":[0.8577,0.095,-0.5053,0,0.1635,0.8814,0.4432,0,-0.4874,0.4628,-0.7404,0,0,3.7727,0.0006,1]},
{"frame":211,"values":[0.8789,0.0727,-0.4714,0,0.1607,0.8854,0.4361,0,-0.4491,0.4591,-0.7665,0,0,3.7726,0.0007,1]},
{"frame":212,"values":[0.9047,0.044,-0.4238,0,0.1567,0.8906,0.427,0,-0.3963,0.4527,-0.7988,0,0,3.7725,0.0009,1]},
{"frame":213,"values":[0.934,0.024,-0.3564,0,0.143,0.8892,0.4346,0,-0.3273,0.4568,-0.8271,0,0,3.7724,0.001,1]},
{"frame":214,"values":[0.9572,0.0023,-0.2893,0,0.127,0.8951,0.4274,0,-0.26,0.4458,-0.8565,0,0,3.7723,0.0012,1]},
{"frame":215,"values":[0.9777,0.0084,-0.21,0,0.0844,0.8994,0.4289,0,-0.1925,0.437,-0.8786,0,0,3.7752,0.0024,1]},
{"frame":216,"values":[0.9915,-0.0137,-0.1294,0,0.0669,0.9067,0.4165,0,-0.1116,0.4216,-0.8999,0,0,3.7781,0.0036,1]},
{"frame":217,"values":[0.9989,-0.0112,-0.045,0,0.0283,0.9157,0.4008,0,-0.0367,0.4016,-0.9151,0,0,3.781,0.0049,1]},
{"frame":218,"values":[0.9991,-0.0076,0.0422,0,-0.0085,0.9289,0.3703,0,0.042,0.3703,-0.928,0,0,3.7839,0.0061,1]},
{"frame":219,"values":[0.9934,-0.0346,0.1097,0,-0.0059,0.937,0.3494,0,0.1148,0.3477,-0.9305,0,0,3.7868,0.0073,1]},
{"frame":220,"values":[0.9855,-0.0444,0.164,0,-0.0109,0.9466,0.3222,0,0.1696,0.3193,-0.9323,0,0,3.7897,0.0085,1]},
{"frame":221,"values":[0.9786,-0.0638,0.1957,0,0.0016,0.9532,0.3025,0,0.2059,0.2957,-0.9328,0,0,3.7862,0.0075,1]},
{"frame":222,"values":[0.9711,-0.0876,0.2221,0,0.0225,0.9598,0.2799,0,0.2377,0.2668,-0.934,0,0,3.7828,0.0064,1]},
{"frame":223,"values":[0.9651,-0.0973,0.2431,0,0.0337,0.9669,0.2531,0,0.2597,0.2361,-0.9364,0,0,3.7793,0.0053,1]},
{"frame":224,"values":[0.9572,-0.1007,0.2713,0,0.0385,0.9735,0.2254,0,0.2868,0.2053,-0.9357,0,0,3.7758,0.0043,1]},
{"frame":225,"values":[0.9522,-0.0929,0.291,0,0.0322,0.9778,0.207,0,0.3037,0.1877,-0.9341,0,0,3.7724,0.0032,1]},
{"frame":226,"values":[0.9445,-0.1004,0.3126,0,0.036,0.978,0.2053,0,0.3264,0.1827,-0.9274,0,0,3.7689,0.0021,1]},
{"frame":227,"values":[0.9401,-0.1052,0.3244,0,0.0392,0.9783,0.2035,0,0.3387,0.1785,-0.9238,0,0,3.7654,0.0011,1]},
{"frame":228,"values":[0.9427,-0.1011,0.318,0,0.0363,0.9784,0.2036,0,0.3317,0.1804,-0.926,0,0,3.762,0,1]},
{"frame":229,"values":[0.9459,-0.1084,0.3058,0,0.042,0.9755,0.2159,0,0.3217,0.1914,-0.9273,0,0,3.7662,0,1]},
{"frame":230,"values":[0.9529,-0.1037,0.2852,0,0.0394,0.9741,0.2226,0,0.3009,0.2008,-0.9323,0,0,3.7704,0,1]},
{"frame":231,"values":[0.9591,-0.1076,0.2618,0,0.0462,0.972,0.2304,0,0.2793,0.2089,-0.9372,0,0,3.7746,0,1]},
{"frame":232,"values":[0.9689,-0.0953,0.2285,0,0.0391,0.9702,0.2391,0,0.2445,0.2227,-0.9437,0,0,3.7788,0,1]},
{"frame":233,"values":[0.9776,-0.0932,0.1889,0,0.0441,0.9675,0.2489,0,0.206,0.235,-0.9499,0,0,3.7831,0,1]},
{"frame":234,"values":[0.9851,-0.09,0.1465,0,0.0493,0.9641,0.2608,0,0.1647,0.2497,-0.9542,0,0,3.7873,0,1]},
{"frame":235,"values":[0.9908,-0.0921,0.0988,0,0.0617,0.9593,0.2755,0,0.1202,0.2669,-0.9562,0,0,3.7915,0,1]},
{"frame":236,"values":[0.9963,-0.08,0.0323,0,0.0669,0.9525,0.297,0,0.0545,0.2938,-0.9543,0,0,3.7957,0,1]},
{"frame":237,"values":[0.9973,-0.0691,-0.026,0,0.0737,0.9493,0.3055,0,-0.0036,0.3066,-0.9518,0,0,3.7999,0,1]},
{"frame":238,"values":[0.9942,-0.0636,-0.0867,0,0.0885,0.9418,0.3244,0,-0.0611,0.3302,-0.9419,0,0,3.8041,0,1]},
{"frame":239,"values":[0.9867,-0.0524,-0.1538,0,0.1021,0.9365,0.3355,0,-0.1264,0.3467,-0.9294,0,0,3.8084,0,1]},
{"frame":240,"values":[0.9759,-0.039,-0.2147,0,0.1134,0.9313,0.3462,0,-0.1864,0.3622,-0.9133,0,0,3.8047,0.0005,1]},
{"frame":241,"values":[0.9605,-0.0243,-0.2771,0,0.1253,0.9272,0.3531,0,-0.2483,0.3739,-0.8936,0,0,3.8011,0.001,1]},
{"frame":242,"values":[0.9395,-0.0167,-0.3421,0,0.1495,0.9187,0.3656,0,-0.3082,0.3946,-0.8656,0,0,3.7974,0.0016,1]},
{"frame":243,"values":[0.9145,-0.0056,-0.4046,0,0.1714,0.9112,0.3747,0,-0.3666,0.412,-0.8342,0,0,3.7938,0.0021,1]},
{"frame":244,"values":[0.8919,0.0076,-0.4522,0,0.1876,0.9036,0.385,0,-0.4115,0.4282,-0.8045,0,0,3.7854,0.0009,1]},
{"frame":245,"values":[0.8694,0.0368,-0.4928,0,0.1907,0.895,0.4034,0,-0.4559,0.4446,-0.771,0,0,3.7771,-0.0003,1]},
{"frame":246,"values":[0.8482,0.0481,-0.5274,0,0.2058,0.8877,0.4119,0,-0.488,0.4579,-0.7431,0,0,3.7687,-0.0014,1]},
{"frame":247,"values":[0.8316,0.0532,-0.5528,0,0.2185,0.8838,0.4137,0,-0.5106,0.4648,-0.7234,0,0,3.7604,-0.0026,1]},
{"frame":248,"values":[0.8121,0.0601,-0.5804,0,0.2271,0.8837,0.4093,0,-0.5375,0.4642,-0.704,0,0,3.752,-0.0038,1]},
{"frame":249,"values":[0.7987,0.1007,-0.5933,0,0.2133,0.8745,0.4356,0,-0.5627,0.4745,-0.677,0,0,3.7437,-0.005,1]},
{"frame":250,"values":[0.7878,0.078,-0.6109,0,0.2381,0.8763,0.4189,0,-0.568,0.4755,-0.6718,0,0,3.7353,-0.0061,1]},
{"frame":251,"values":[0.7819,0.079,-0.6184,0,0.2384,0.8787,0.4137,0,-0.5761,0.4708,-0.6682,0,0,3.7359,-0.0041,1]},
{"frame":252,"values":[0.7859,0.0957,-0.611,0,0.2213,0.879,0.4223,0,-0.5775,0.4671,-0.6696,0,0,3.7365,-0.002,1]},
{"frame":253,"values":[0.7957,0.0889,-0.5991,0,0.2173,0.8814,0.4194,0,-0.5653,0.4639,-0.682,0,0,3.7371,0,1]},
{"frame":254,"values":[0.8062,0.0848,-0.5856,0,0.206,0.8875,0.4121,0,-0.5547,0.4529,-0.698,0,0,3.7447,-0.0015,1]},
{"frame":255,"values":[0.8332,0.057,-0.5501,0,0.2077,0.8896,0.4067,0,-0.5126,0.4531,-0.7294,0,0,3.7523,-0.0031,1]},
{"frame":256,"values":[0.8574,0.0456,-0.5127,0,0.1917,0.8961,0.4003,0,-0.4776,0.4415,-0.7596,0,0,3.7599,-0.0046,1]},
{"frame":257,"values":[0.8941,0.0276,-0.4471,0,0.174,0.8984,0.4033,0,-0.4128,0.4383,-0.7984,0,0,3.7675,-0.0061,1]},
{"frame":258,"values":[0.9208,0.0172,-0.3896,0,0.1496,0.907,0.3937,0,-0.3602,0.4208,-0.8326,0,0,3.7852,-0.004,1]},
{"frame":259,"values":[0.9461,0.0001,-0.3239,0,0.1307,0.9148,0.3821,0,-0.2963,0.4039,-0.8655,0,0,3.8028,-0.0019,1]},
{"frame":260,"values":[0.9696,-0.0108,-0.2444,0,0.1029,0.9243,0.3675,0,-0.2219,0.3815,-0.8973,0,0,3.8204,0.0001,1]},
{"frame":261,"values":[0.9844,-0.0158,-0.1754,0,0.0763,0.936,0.3436,0,-0.1587,0.3516,-0.9226,0,0,3.8381,0.0022,1]},
{"frame":262,"values":[0.9928,-0.0296,-0.1159,0,0.0647,0.948,0.3117,0,-0.1006,0.3169,-0.9431,0,0,3.8469,0.0011,1]},
{"frame":263,"values":[0.997,-0.0451,-0.0621,0,0.0609,0.9576,0.2817,0,-0.0468,0.2847,-0.9575,0,0,3.8557,0,1]},
{"frame":264,"values":[0.9983,-0.0563,-0.0161,0,0.0585,0.9653,0.2546,0,-0.0012,0.2551,-0.9669,0,0,3.8516,-0.0008,1]},
{"frame":265,"values":[0.9966,-0.0816,0.0079,0,0.0775,0.9692,0.2339,0,0.0267,0.2325,-0.9722,0,0,3.8476,-0.0016,1]},
{"frame":266,"values":[0.9957,-0.0896,0.0231,0,0.0825,0.9725,0.2177,0,0.042,0.2148,-0.9758,0,0,3.8436,-0.0024,1]},
{"frame":267,"values":[0.9945,-0.0974,0.0382,0,0.0875,0.9742,0.2079,0,0.0575,0.2034,-0.9774,0,0,3.8396,-0.0032,1]},
{"frame":268,"values":[0.9929,-0.101,0.0628,0,0.087,0.9767,0.1961,0,0.0811,0.1893,-0.9786,0,0,3.8355,-0.004,1]},
{"frame":269,"values":[0.9909,-0.1024,0.0875,0,0.0837,0.9772,0.195,0,0.1054,0.1859,-0.9769,0,0,3.8315,-0.0048,1]},
{"frame":270,"values":[0.9884,-0.113,0.1013,0,0.0909,0.9754,0.201,0,0.1215,0.1895,-0.9743,0,0,3.8275,-0.0056,1]},
{"frame":271,"values":[0.9892,-0.1035,0.1038,0,0.081,0.9762,0.2012,0,0.1221,0.1906,-0.974,0,0,3.8234,-0.0064,1]},
{"frame":272,"values":[0.9899,-0.1032,0.0975,0,0.0809,0.9743,0.2101,0,0.1167,0.2,-0.9728,0,0,3.825,-0.0052,1]},
{"frame":273,"values":[0.9909,-0.1046,0.0842,0,0.0843,0.9726,0.2166,0,0.1045,0.2075,-0.9726,0,0,3.8265,-0.004,1]},
{"frame":274,"values":[0.992,-0.1091,0.064,0,0.0923,0.9705,0.2229,0,0.0864,0.2152,-0.9727,0,0,3.8281,-0.0028,1]},
{"frame":275,"values":[0.9937,-0.1061,0.0354,0,0.0949,0.9674,0.2348,0,0.0592,0.2299,-0.9714,0,0,3.8296,-0.0016,1]},
{"frame":276,"values":[0.997,-0.0769,-0.0037,0,0.0754,0.9658,0.2481,0,0.0155,0.2477,-0.9687,0,0,3.8311,-0.0004,1]},
{"frame":277,"values":[0.9955,-0.0815,-0.0482,0,0.0914,0.96,0.2647,0,-0.0247,0.2679,-0.9631,0,0,3.8327,0.0008,1]},
{"frame":278,"values":[0.9932,-0.0653,-0.0961,0,0.0897,0.9568,0.2764,0,-0.0739,0.2832,-0.9562,0,0,3.8305,0.0007,1]},
{"frame":279,"values":[0.9862,-0.0682,-0.1506,0,0.1104,0.9497,0.2931,0,-0.1231,0.3057,-0.9441,0,0,3.8284,0.0005,1]},
{"frame":280,"values":[0.977,-0.0404,-0.2092,0,0.1056,0.9446,0.3109,0,-0.185,0.3259,-0.9271,0,0,3.8262,0.0004,1]},
{"frame":281,"values":[0.9631,-0.0324,-0.2673,0,0.1231,0.9358,0.3304,0,-0.2394,0.3511,-0.9052,0,0,3.824,0.0003,1]},
{"frame":282,"values":[0.9433,-0.0168,-0.3316,0,0.1353,0.9314,0.3378,0,-0.3031,0.3635,-0.8809,0,0,3.8219,0.0001,1]},
{"frame":283,"values":[0.921,-0.0152,-0.3893,0,0.16,0.9258,0.3424,0,-0.3552,0.3776,-0.8551,0,0,3.8197,0,1]},
{"frame":284,"values":[0.8955,0.0001,-0.445,0,0.1741,0.9202,0.3505,0,-0.4096,0.3914,-0.8241,0,0,3.803,-0.0011,1]},
{"frame":285,"values":[0.8658,0.0264,-0.4997,0,0.1833,0.9125,0.3658,0,-0.4657,0.4083,-0.7851,0,0,3.7864,-0.0023,1]},
{"frame":286,"values":[0.8365,0.0377,-0.5467,0,0.2044,0.9041,0.3752,0,-0.5084,0.4256,-0.7486,0,0,3.7697,-0.0034,1]},
{"frame":287,"values":[0.8211,0.0663,-0.5669,0,0.1978,0.8986,0.3916,0,-0.5354,0.4337,-0.7247,0,0,3.753,-0.0046,1]},
{"frame":288,"values":[0.7968,0.0529,-0.602,0,0.2288,0.8956,0.3816,0,-0.5593,0.4418,-0.7015,0,0,3.7364,-0.0057,1]},
{"frame":289,"values":[0.7783,0.0796,-0.6228,0,0.2305,0.8864,0.4014,0,-0.584,0.456,-0.6716,0,0,3.7197,-0.0069,1]},
{"frame":290,"values":[0.7607,0.086,-0.6433,0,0.2414,0.8827,0.4033,0,-0.6025,0.4621,-0.6507,0,0,3.7031,-0.008,1]},
{"frame":291,"values":[0.7374,0.099,-0.6682,0,0.2493,0.8795,0.4053,0,-0.6278,0.4655,-0.6239,0,0,3.6864,-0.0092,1]},
{"frame":292,"values":[0.7223,0.1203,-0.681,0,0.2404,0.8796,0.4105,0,-0.6484,0.4602,-0.6064,0,0,3.6793,-0.0069,1]},
{"frame":293,"values":[0.7112,0.1196,-0.6928,0,0.2468,0.8802,0.4053,0,-0.6583,0.4592,-0.5965,0,0,3.6722,-0.0046,1]},
{"frame":294,"values":[0.6988,0.1443,-0.7006,0,0.2327,0.8803,0.4134,0,-0.6764,0.4519,-0.5816,0,0,3.6652,-0.0023,1]},
{"frame":295,"values":[0.6888,0.1424,-0.7109,0,0.2331,0.885,0.4031,0,-0.6865,0.4434,-0.5763,0,0,3.6581,0,1]},
{"frame":296,"values":[0.6837,0.1423,-0.7158,0,0.229,0.8895,0.3955,0,-0.693,0.4343,-0.5755,0,0,3.666,-0.0013,1]},
{"frame":297,"values":[0.688,0.1377,-0.7125,0,0.2244,0.8934,0.3892,0,-0.6901,0.4277,-0.5838,0,0,3.6739,-0.0025,1]},
{"frame":298,"values":[0.7021,0.1393,-0.6984,0,0.2104,0.8963,0.3904,0,-0.6803,0.421,-0.5999,0,0,3.6818,-0.0038,1]},
{"frame":299,"values":[0.7124,0.1164,-0.6921,0,0.2096,0.9058,0.3682,0,-0.6698,0.4073,-0.6209,0,0,3.6896,-0.0051,1]},
{"frame":300,"values":[0.7368,0.1041,-0.668,0,0.1964,0.9125,0.3588,0,-0.6469,0.3956,-0.6519,0,0,3.7057,-0.0034,1]},
{"frame":301,"values":[0.7803,0.0748,-0.6209,0,0.1853,0.9206,0.3438,0,-0.5973,0.3834,-0.7045,0,0,3.7218,-0.0017,1]},
{"frame":302,"values":[0.8213,0.0773,-0.5653,0,0.1582,0.9211,0.3558,0,-0.5482,0.3816,-0.7442,0,0,3.7379,0,1]},
{"frame":303,"values":[0.9987,0.0387,-0.0321,0,-0.031,0.9763,0.2142,0,-0.0396,0.213,-0.9763,0,0,3.99,0,1]},
{"frame":304,"values":[0.9986,0.0441,-0.0298,0,-0.0368,0.9765,0.2122,0,-0.0384,0.2108,-0.9768,0,0,3.99,0,1]},
{"frame":305,"values":[0.9985,0.0463,-0.0284,0,-0.0393,0.9769,0.2101,0,-0.0374,0.2086,-0.9773,0,0,3.9899,0,1]},
{"frame":306,"values":[0.9986,0.0458,-0.0277,0,-0.039,0.9766,0.2115,0,-0.0367,0.2101,-0.977,0,0,3.9899,0,1]},
{"frame":307,"values":[0.9987,0.0446,-0.0246,0,-0.0384,0.9768,0.2107,0,-0.0334,0.2095,-0.9772,0,0,3.9898,0,1]},
{"frame":308,"values":[0.9988,0.0434,-0.0215,0,-0.038,0.9775,0.2076,0,-0.03,0.2065,-0.978,0,0,3.9898,0,1]},
{"frame":309,"values":[0.999,0.0397,-0.0192,0,-0.0349,0.9782,0.2045,0,-0.0269,0.2036,-0.9787,0,0,3.9897,0,1]},
{"frame":310,"values":[0.9992,0.036,-0.0168,0,-0.0319,0.9788,0.2024,0,-0.0237,0.2017,-0.9792,0,0,3.9897,0,1]},
{"frame":311,"values":[0.9991,0.0377,-0.0189,0,-0.0332,0.9792,0.2004,0,-0.026,0.1996,-0.9795,0,0,3.9896,0,1]},
{"frame":312,"values":[0.9991,0.0388,-0.0187,0,-0.0343,0.9795,0.1984,0,-0.026,0.1975,-0.98,0,0,3.9896,0,1]},
{"frame":313,"values":[0.999,0.0421,-0.0144,0,-0.0385,0.9798,0.1963,0,-0.0223,0.1955,-0.9804,0,0,3.9895,0,1]},
{"frame":314,"values":[0.9989,0.0454,-0.01,0,-0.0426,0.9797,0.1959,0,-0.0187,0.1952,-0.9806,0,0,3.9895,0,1]},
{"frame":315,"values":[0.999,0.0452,0.0018,0,-0.0447,0.979,0.1989,0,-0.0072,0.1988,-0.98,0,0,3.9894,0,1]},
{"frame":316,"values":[0.9988,0.0414,0.0262,0,-0.046,0.9772,0.2071,0,0.0171,0.2081,-0.978,0,0,4.0009,0,1]},
{"frame":317,"values":[0.9972,0.0388,0.0645,0,-0.0515,0.9766,0.2088,0,0.0549,0.2115,-0.9758,0,0,4.0124,0,1]},
{"frame":318,"values":[0.9941,0.0361,0.1025,0,-0.0569,0.9765,0.2078,0,0.0926,0.2124,-0.9728,0,0,4.0239,0,1]},
{"frame":319,"values":[0.9921,0.033,0.1212,0,-0.0574,0.9774,0.2036,0,0.1117,0.2089,-0.9715,0,0,4.0353,0,1]},
{"frame":320,"values":[0.9899,0.0289,0.1385,0,-0.0528,0.9836,0.1723,0,0.1313,0.1779,-0.9753,0,0,4.0324,0.0062,1]},
{"frame":321,"values":[0.9917,0.0246,0.1263,0,-0.0407,0.9911,0.1267,0,0.122,0.1308,-0.9839,0,0,3.9952,0,1]},
{"frame":322,"values":[0.9973,0.0264,0.0686,0,-0.0303,0.9979,0.0568,0,0.0669,0.0587,-0.996,0,0,3.8872,0.0049,1]},
{"frame":323,"values":[0.9985,0.0064,0.0549,0,-0.0047,0.9995,-0.0308,0,0.0551,-0.0305,-0.998,0,0,3.7518,0,1]},
{"frame":324,"values":[0.9998,-0.0192,0.0088,0,0.0201,0.9936,-0.1108,0,0.0066,-0.111,-0.9938,0,0,3.5381,0,1]},
{"frame":325,"values":[0.9991,-0.0358,-0.0239,0,0.0316,0.9874,-0.1554,0,-0.0292,-0.1545,-0.9876,0,0,3.2159,0,1]},
{"frame":326,"values":[0.9962,-0.0539,-0.0689,0,0.0464,0.9933,-0.1061,0,-0.0741,-0.1025,-0.992,0,0,2.8251,0,1]},
{"frame":327,"values":[0.9927,-0.0521,-0.1089,0,0.0583,0.9968,0.0544,0,-0.1057,0.0604,-0.9926,0,0,2.402,0,1]},
{"frame":328,"values":[0.9875,-0.0402,-0.1526,0,0.0782,0.9646,0.2519,0,-0.1371,0.2606,-0.9557,0,0,1.9312,0,1]},
{"frame":329,"values":[0.9833,-0.007,-0.1816,0,0.0924,0.88,0.466,0,-0.1566,0.475,-0.866,0,0,1.4604,0,1]},
{"frame":330,"values":[0.9781,0.0749,-0.1942,0,0.0762,0.7397,0.6686,0,-0.1937,0.6687,-0.7178,0,0,1.2093,0,1]},
{"frame":331,"values":[0.949,0.1776,-0.2604,0,0.0949,0.6269,0.7733,0,-0.3006,0.7586,-0.5781,0,0,1.3633,0,1]},
{"frame":332,"values":[0.8743,0.4336,-0.2182,0,0.0331,0.3951,0.918,0,-0.4843,0.8099,-0.3311,0,0,1.9507,0,1]},
{"frame":333,"values":[0.8158,0.5783,-0.0085,0,-0.0062,0.0235,0.9997,0,-0.5783,0.8155,-0.0228,0,0,2.6122,0,1]},
{"frame":334,"values":[0.7974,0.528,0.2922,0,-0.0564,-0.4169,0.9072,0,-0.6008,0.7399,0.3026,0,0,3.0911,0,1]},
{"frame":335,"values":[0.7675,0.5128,0.3845,0,0.0598,-0.6546,0.7536,0,-0.6382,0.5554,0.5331,0,0,3.3575,0,1]},
{"frame":336,"values":[0.7152,0.5699,0.4046,0,0.2303,-0.7387,0.6335,0,-0.6599,0.3599,0.6596,0,0,3.5438,0.0044,1]},
{"frame":337,"values":[0.6707,0.4946,0.5527,0,0.3016,-0.8627,0.406,0,-0.6776,0.1056,0.7278,0,0,3.7054,0,1]},
{"frame":338,"values":[0.6665,0.3613,0.6521,0,0.3302,-0.9273,0.1764,0,-0.6684,-0.0977,0.7374,0,0,3.8138,0.0038,1]},
{"frame":339,"values":[0.6659,0.2378,0.7072,0,0.3432,-0.9393,-0.0072,0,-0.6625,-0.2475,0.707,0,0,3.8835,-0.0062,1]},
{"frame":340,"values":[0.6561,0.131,0.7432,0,0.3483,-0.9262,-0.1443,0,-0.6695,-0.3535,0.6534,0,0,3.9725,-0.0093,1]},
{"frame":341,"values":[0.6018,0.0599,0.7964,0,0.3658,-0.9071,-0.2082,0,-0.71,-0.4166,0.5678,0,0,4.0933,-0.001,1]},
{"frame":342,"values":[0.497,-0.0177,0.8675,0,0.3824,-0.893,-0.2373,0,-0.7789,-0.4497,0.4371,0,0,4.214,0.0073,1]},
{"frame":343,"values":[0.3678,-0.0933,0.9252,0,0.4026,-0.8809,-0.2489,0,-0.8382,-0.464,0.2864,0,0,4.2915,0,1]},
{"frame":344,"values":[0.2486,-0.159,0.9555,0,0.4364,-0.8623,-0.257,0,-0.8647,-0.4809,0.145,0,0,4.3053,0.0069,1]},
{"frame":345,"values":[0.1815,-0.2175,0.959,0,0.4728,-0.8358,-0.2791,0,-0.8623,-0.5041,0.0488,0,0,4.2806,0,1]},
