{"producer":{"name":"Blender","version":"2.78 (sub 0)","exporter_version":"4.6.1","file":"kraljMatjaz.babylon"},
"autoClear":true,"clearColor":[0.0509,0.0509,0.0509],"ambientColor":[0,0,0],"gravity":[0,-9.81,0],
"materials":[{"name":"kraljMatjaz.Peasant_Man_02","id":"kraljMatjaz.Peasant_Man_02","ambient":[1,1,1],"diffuse":[0.8,0.8,0.8],"specular":[0.25,0.25,0.25],"emissive":[0,0,0],"specularPower":33,"alpha":1,"backFaceCulling":true,"checkReadyOnlyOnce":false, 
"diffuseTexture":{"name":"Peasant_Man_diffuse.png","level":1,"hasAlpha":1,"coordinatesMode":0,"uOffset":0,"vOffset":0,"uScale":1,"vScale":1,"uAng":0,"vAng":0,"wAng":0,"wrapU":1,"wrapV":1,"coordinatesIndex":0}, 
"bumpTexture":{"name":"Peasant_Man_normal.png","level":2.8568,"hasAlpha":1,"coordinatesMode":0,"uOffset":0,"vOffset":0,"uScale":1,"vScale":1,"uAng":0,"vAng":0,"wAng":0,"wrapU":1,"wrapV":1,"coordinatesIndex":0}, 
"specularTexture":{"name":"Peasant_Man_specular.png","level":1,"hasAlpha":1,"coordinatesMode":0,"uOffset":0,"vOffset":0,"uScale":1,"vScale":1,"uAng":0,"vAng":0,"wAng":0,"wrapU":1,"wrapV":1,"coordinatesIndex":0}}],
"multiMaterials":[],
"skeletons":[{"name":"Armature","id":0,"dimensionsAtRest":[2.3218,0.4962,2.2282],"bones":[
{"name":"Hips","index":0,"matrix":[0.01,-0.0001,0,0,0.0001,0.01,-0.0003,0,0,-0.0003,-0.01,0,-0.0012,0.8889,-0.0129,1],"rest":[0.01,-0.0001,0,0,0.0001,0.01,-0.0003,0,0,-0.0003,-0.01,0,-0.0012,0.8893,-0.0403,1],"parentBoneIndex":-1,"length":14.2998
,"animation":{"dataType":3,"framePerSecond":30,"keys":[
{"frame":1,"values":[0.01,-0.0001,0,0,0.0001,0.01,-0.0003,0,0,-0.0003,-0.01,0,-0.0012,0.8889,-0.0129,1]},
{"frame":2,"values":[0.01,-0.0001,0,0,0.0001,0.01,-0.0003,0,0,-0.0003,-0.01,0,-0.0012,0.8889,-0.0129,1]}],"loopBehavior":1,"name":"anim","property":"_matrix"}},
{"name":"Spine","index":1,"matrix":[0.9999,0.0109,0,0,-0.0109,0.9995,-0.0311,0,-0.0003,0.0311,0.9995,0,0,10.6882,0,1],"rest":[0.9999,0.0109,0,0,-0.0109,0.9995,-0.0311,0,-0.0003,0.0311,0.9995,0,0,10.6882,0,1],"parentBoneIndex":0,"length":13.8405
,"animation":{"dataType":3,"framePerSecond":30,"keys":[
{"frame":1,"values":[0.9999,0.0109,0,0,-0.0109,0.9995,-0.0311,0,-0.0003,0.0311,0.9995,0,0,10.6882,0,1]},
{"frame":2,"values":[0.9999,0.0109,0,0,-0.0109,0.9995,-0.0311,0,-0.0003,0.0311,0.9995,0,0,10.6882,0,1]}],"loopBehavior":1,"name":"anim","property":"_matrix"}},
{"name":"Spine1","index":2,"matrix":[1,0,0,0,0,0.9996,-0.0287,0,0,0.0287,0.9996,0,0,13.8405,0,1],"rest":[1,0,0,0,0,0.9996,-0.0287,0,0,0.0287,0.9996,0,0,13.8405,0,1],"parentBoneIndex":1,"length":14.7172
,"animation":{"dataType":3,"framePerSecond":30,"keys":[
{"frame":1,"values":[1,0,0,0,0,0.9996,-0.0287,0,0,0.0287,0.9996,0,0,13.8405,0,1]},
{"frame":2,"values":[1,0,0,0,0,0.9996,-0.0287,0,0,0.0287,0.9996,0,0,13.8405,0,1]}],"loopBehavior":1,"name":"anim","property":"_matrix"}},
{"name":"Spine2","index":3,"matrix":[1,0,0,0,0,0.9977,-0.0684,0,0,0.0684,0.9977,0,0,14.7172,0,1],"rest":[1,0,0,0,0,0.9977,-0.0684,0,0,0.0684,0.9977,0,0,14.7172,0,1],"parentBoneIndex":2,"length":31.8652
,"animation":{"dataType":3,"framePerSecond":30,"keys":[
{"frame":1,"values":[1,0,0,0,0,0.9977,-0.0684,0,0,0.0684,0.9977,0,0,14.7172,0,1]},
{"frame":2,"values":[1,0,0,0,0,0.9977,-0.0684,0,0,0.0684,0.9977,0,0,14.7172,0,1]}],"loopBehavior":1,"name":"anim","property":"_matrix"}},
{"name":"Neck","index":4,"matrix":[1,0,0,0,0,0.9864,0.1645,0,0,-0.1645,0.9864,0,0,35.5703,0,1],"rest":[1,0,0,0,0,0.9864,0.1645,0,0,-0.1645,0.9864,0,0,35.5703,0,1],"parentBoneIndex":3,"length":16.9432
,"animation":{"dataType":3,"framePerSecond":30,"keys":[
{"frame":1,"values":[1,0,0,0,0,0.9864,0.1645,0,0,-0.1645,0.9864,0,0,35.5703,0,1]},
{"frame":2,"values":[1,0,0,0,0,0.9864,0.1645,0,0,-0.1645,0.9864,0,0,35.5703,0,1]}],"loopBehavior":1,"name":"anim","property":"_matrix"}},
{"name":"Head","index":5,"matrix":[1,0,0,0,0,0.9996,0.0264,0,0,-0.0264,0.9996,0,0,16.9431,0,1],"rest":[1,0,0,0,0,0.9997,0.0264,0,0,-0.0264,0.9997,0,0,16.9432,0,1],"parentBoneIndex":4,"length":22.3141
,"animation":{"dataType":3,"framePerSecond":30,"keys":[
{"frame":1,"values":[1,0,0,0,0,0.9996,0.0264,0,0,-0.0264,0.9996,0,0,16.9431,0,1]},
{"frame":2,"values":[1,0,0,0,0,0.9996,0.0264,0,0,-0.0264,0.9996,0,0,16.9431,0,1]}],"loopBehavior":1,"name":"anim","property":"_matrix"}},
{"name":"HeadTop_End","index":6,"matrix":[1,0,0,0,0,0.9952,-0.0983,0,0,0.0983,0.9952,0,0,22.3142,0,1],"rest":[1,0,0,0,0,0.9952,-0.0983,0,0,0.0983,0.9952,0,0,22.3141,0,1],"parentBoneIndex":5,"length":22.3141
,"animation":{"dataType":3,"framePerSecond":30,"keys":[
{"frame":1,"values":[1,0,0,0,0,0.9952,-0.0983,0,0,0.0983,0.9952,0,0,22.3142,0,1]},
{"frame":2,"values":[1,0,0,0,0,0.9952,-0.0983,0,0,0.0983,0.9952,0,0,22.3142,0,1]}],"loopBehavior":1,"name":"anim","property":"_matrix"}},
{"name":"LeftShoulder","index":7,"matrix":[-0.0845,0.1143,-0.9898,0,0.9652,-0.2372,-0.1098,0,-0.2473,-0.9647,-0.0903,0,12.8964,27.0239,-2.0394,1],"rest":[-0.0813,0.1242,-0.9889,0,0.929,-0.3499,-0.1203,0,-0.361,-0.9285,-0.0869,0,12.8964,27.0238,-2.0394,1],"parentBoneIndex":3,"length":19.7122
,"animation":{"dataType":3,"framePerSecond":30,"keys":[
{"frame":1,"values":[-0.0845,0.1143,-0.9898,0,0.9652,-0.2372,-0.1098,0,-0.2473,-0.9647,-0.0903,0,12.8964,27.0239,-2.0394,1]},
{"frame":2,"values":[-0.0845,0.1143,-0.9898,0,0.9652,-0.2372,-0.1098,0,-0.2473,-0.9647,-0.0903,0,12.8964,27.0239,-2.0394,1]}],"loopBehavior":1,"name":"anim","property":"_matrix"}},
{"name":"LeftArm","index":8,"matrix":[0.9962,0.0872,0,0,-0.0845,0.9652,-0.2473,0,-0.0216,0.2464,0.9689,0,0,19.7122,0,1],"rest":[0.9984,-0.0489,-0.0296,0,0.0541,0.9759,0.2113,0,0.0186,-0.2125,0.977,0,0,19.7122,-0.0002,1],"parentBoneIndex":7,"length":24.1798
,"animation":{"dataType":3,"framePerSecond":30,"keys":[
{"frame":1,"values":[0.9962,0.0872,0,0,-0.0845,0.9652,-0.2473,0,-0.0216,0.2464,0.9689,0,0,19.7122,0,1]},
{"frame":2,"values":[0.9962,0.0872,0,0,-0.0845,0.9652,-0.2473,0,-0.0216,0.2464,0.9689,0,0,19.7122,0,1]}],"loopBehavior":1,"name":"anim","property":"_matrix"}},
{"name":"LeftForeArm","index":9,"matrix":[0.9883,0,-0.1525,0,0,1,0,0,0.1525,0,0.9883,0,0,24.1799,0,1],"rest":[0.9765,0.1536,-0.1515,0,-0.1517,0.9881,0.0238,0,0.1534,-0.0003,0.9882,0,-0.0001,24.1798,0.0002,1],"parentBoneIndex":8,"length":27.1565
,"animation":{"dataType":3,"framePerSecond":30,"keys":[
{"frame":1,"values":[0.9883,0,-0.1525,0,0,1,0,0,0.1525,0,0.9883,0,0,24.1799,0,1]},
{"frame":2,"values":[0.9883,0,-0.1525,0,0,1,0,0,0.1525,0,0.9883,0,0,24.1799,0,1]}],"loopBehavior":1,"name":"anim","property":"_matrix"}},
{"name":"LeftHand","index":10,"matrix":[0.987,-0.0062,0.1605,0,-0.0023,0.9986,0.053,0,-0.1606,-0.0526,0.9856,0,0,27.1564,0,1],"rest":[0.9747,-0.1341,0.179,0,0.1706,0.9634,-0.2068,0,-0.1448,0.2321,0.9619,0,0.0001,27.1564,-0.0003,1],"parentBoneIndex":9,"length":13.2912
,"animation":{"dataType":3,"framePerSecond":30,"keys":[
{"frame":1,"values":[0.987,-0.0062,0.1605,0,-0.0023,0.9986,0.053,0,-0.1606,-0.0526,0.9856,0,0,27.1564,0,1]},
{"frame":2,"values":[0.987,-0.0062,0.1605,0,-0.0023,0.9986,0.053,0,-0.1606,-0.0526,0.9856,0,0,27.1564,0,1]}],"loopBehavior":1,"name":"anim","property":"_matrix"}},
{"name":"LeftHandIndex1","index":11,"matrix":[0.9996,-0.0041,0.0266,0,-0.0053,-0.9989,0.0472,0,0.0264,-0.0473,-0.9985,0,-0.1023,16.4181,-0.8656,1],"rest":[0.998,0.0582,0.0261,0,0.0604,-0.9939,-0.0923,0,0.0205,0.0937,-0.9954,0,-0.1022,16.4181,-0.8655,1],"parentBoneIndex":10,"length":4.8219
,"animation":{"dataType":3,"framePerSecond":30,"keys":[
{"frame":1,"values":[0.9996,-0.0041,0.0266,0,-0.0053,-0.9989,0.0472,0,0.0264,-0.0473,-0.9985,0,-0.1023,16.4181,-0.8656,1]},
{"frame":2,"values":[0.9996,-0.0041,0.0266,0,-0.0053,-0.9989,0.0472,0,0.0264,-0.0473,-0.9985,0,-0.1023,16.4181,-0.8656,1]}],"loopBehavior":1,"name":"anim","property":"_matrix"}},
{"name":"LeftHandIndex2","index":12,"matrix":[0.9997,-0.0116,0.0197,0,0.0116,0.9999,-0.0042,0,-0.0197,0.0044,0.9998,0,-0.0563,-4.8215,0.025,1],"rest":[0.995,-0.0972,0.0232,0,0.0987,0.9923,-0.0754,0,-0.0157,0.0773,0.9969,0,-0.0563,-4.8215,0.0251,1],"parentBoneIndex":11,"length":6.3864
,"animation":{"dataType":3,"framePerSecond":30,"keys":[
{"frame":1,"values":[0.9997,-0.0116,0.0197,0,0.0116,0.9999,-0.0042,0,-0.0197,0.0044,0.9998,0,-0.0563,-4.8215,0.025,1]},
{"frame":2,"values":[0.9997,-0.0116,0.0197,0,0.0116,0.9999,-0.0042,0,-0.0197,0.0044,0.9998,0,-0.0563,-4.8215,0.025,1]}],"loopBehavior":1,"name":"anim","property":"_matrix"}},
{"name":"LeftHandIndex3","index":13,"matrix":[0.9987,0.0003,-0.0506,0,-0.0001,1,0.0052,0,0.0506,-0.0052,0.9987,0,-0.0001,-6.3865,0.0066,1],"rest":[0.9987,0.0006,-0.0506,0,0.0014,0.9992,0.0397,0,0.0506,-0.0397,0.9979,0,-0.0001,-6.3864,0.0064,1],"parentBoneIndex":12,"length":5.1892
,"animation":{"dataType":3,"framePerSecond":30,"keys":[
{"frame":1,"values":[0.9987,0.0003,-0.0506,0,-0.0001,1,0.0052,0,0.0506,-0.0052,0.9987,0,-0.0001,-6.3865,0.0066,1]},
{"frame":2,"values":[0.9987,0.0003,-0.0506,0,-0.0001,1,0.0052,0,0.0506,-0.0052,0.9987,0,-0.0001,-6.3865,0.0066,1]}],"loopBehavior":1,"name":"anim","property":"_matrix"}},
{"name":"LeftHandIndex4","index":14,"matrix":[0.7213,0.0444,0.6912,0,-0.0288,0.999,-0.0341,0,-0.692,0.0047,0.7218,0,-0.002,-5.1889,0.0322,1],"rest":[0.7213,0.0444,0.6912,0,-0.0288,0.999,-0.0341,0,-0.692,0.0047,0.7218,0,-0.002,-5.1891,0.0322,1],"parentBoneIndex":13,"length":5.1892
,"animation":{"dataType":3,"framePerSecond":30,"keys":[
{"frame":1,"values":[0.7213,0.0444,0.6912,0,-0.0288,0.999,-0.0341,0,-0.692,0.0047,0.7218,0,-0.002,-5.1889,0.0322,1]},
{"frame":2,"values":[0.7213,0.0444,0.6912,0,-0.0288,0.999,-0.0341,0,-0.692,0.0047,0.7218,0,-0.002,-5.1889,0.0322,1]}],"loopBehavior":1,"name":"anim","property":"_matrix"}},
{"name":"LeftHandThumb1","index":15,"matrix":[0.6108,-0.0378,0.7909,0,0.4655,-0.7909,-0.3973,0,0.6405,0.6108,-0.4654,0,-5.9,6.7567,4.7309,1],"rest":[0.6821,-0.1398,0.7177,0,0.5685,-0.516,-0.6408,0,0.4599,0.8451,-0.2725,0,-5.8999,6.7567,4.731,1],"parentBoneIndex":10,"length":4.9292
,"animation":{"dataType":3,"framePerSecond":30,"keys":[
{"frame":1,"values":[0.6108,-0.0378,0.7909,0,0.4655,-0.7909,-0.3973,0,0.6405,0.6108,-0.4654,0,-5.9,6.7567,4.7309,1]},
{"frame":2,"values":[0.6108,-0.0378,0.7909,0,0.4655,-0.7909,-0.3973,0,0.6405,0.6108,-0.4654,0,-5.9,6.7567,4.7309,1]}],"loopBehavior":1,"name":"anim","property":"_matrix"}},
{"name":"LeftHandThumb2","index":16,"matrix":[0.9549,0.0087,0.2969,0,-0.0071,1,-0.0066,0,-0.2969,0.0042,0.9549,0,0.0986,-4.9281,0.0369,1],"rest":[0.9539,-0.0885,0.2866,0,0.0397,0.9844,0.1716,0,-0.2973,-0.1523,0.9425,0,0.0986,-4.9281,0.0369,1],"parentBoneIndex":15,"length":4.1985
,"animation":{"dataType":3,"framePerSecond":30,"keys":[
{"frame":1,"values":[0.9549,0.0087,0.2969,0,-0.0071,1,-0.0066,0,-0.2969,0.0042,0.9549,0,0.0986,-4.9281,0.0369,1]},
{"frame":2,"values":[0.9549,0.0087,0.2969,0,-0.0071,1,-0.0066,0,-0.2969,0.0042,0.9549,0,0.0986,-4.9281,0.0369,1]}],"loopBehavior":1,"name":"anim","property":"_matrix"}},
{"name":"LeftHandThumb3","index":17,"matrix":[0.9889,0.0129,-0.1479,0,-0.0126,0.9999,0.0029,0,0.1479,-0.001,0.989,0,0.0528,-4.1981,-0.0124,1],"rest":[0.9889,0.0158,-0.1477,0,0.0038,0.9913,0.1315,0,0.1485,-0.1306,0.9802,0,0.0529,-4.1981,-0.0123,1],"parentBoneIndex":16,"length":6.78
,"animation":{"dataType":3,"framePerSecond":30,"keys":[
{"frame":1,"values":[0.9889,0.0129,-0.1479,0,-0.0126,0.9999,0.0029,0,0.1479,-0.001,0.989,0,0.0528,-4.1981,-0.0124,1]},
{"frame":2,"values":[0.9889,0.0129,-0.1479,0,-0.0126,0.9999,0.0029,0,0.1479,-0.001,0.989,0,0.0528,-4.1981,-0.0124,1]}],"loopBehavior":1,"name":"anim","property":"_matrix"}},
{"name":"LeftHandThumb4","index":18,"matrix":[0.0401,0.253,0.9666,0,-0.0105,0.9675,-0.2527,0,-0.9991,0,0.0415,0,0,-6.78,-0.0005,1],"rest":[0.0401,0.253,0.9666,0,-0.0105,0.9675,-0.2527,0,-0.9991,0,0.0415,0,-0.0001,-6.78,-0.0005,1],"parentBoneIndex":17,"length":6.78
,"animation":{"dataType":3,"framePerSecond":30,"keys":[
{"frame":1,"values":[0.0401,0.253,0.9666,0,-0.0105,0.9675,-0.2527,0,-0.9991,0,0.0415,0,0,-6.78,-0.0005,1]},
{"frame":2,"values":[0.0401,0.253,0.9666,0,-0.0105,0.9675,-0.2527,0,-0.9991,0,0.0415,0,0,-6.78,-0.0005,1]}],"loopBehavior":1,"name":"anim","property":"_matrix"}},
{"name":"RightShoulder","index":19,"matrix":[-0.0845,-0.1143,0.9898,0,-0.9652,-0.2372,-0.1098,0,0.2473,-0.9647,-0.0903,0,-12.8964,27.0239,-2.0394,1],"rest":[-0.0813,-0.1242,0.9889,0,-0.929,-0.3499,-0.1203,0,0.361,-0.9285,-0.0869,0,-12.8964,27.0238,-2.0394,1],"parentBoneIndex":3,"length":19.7122
,"animation":{"dataType":3,"framePerSecond":30,"keys":[
{"frame":1,"values":[-0.0845,-0.1143,0.9898,0,-0.9652,-0.2372,-0.1098,0,0.2473,-0.9647,-0.0903,0,-12.8964,27.0239,-2.0394,1]},
{"frame":2,"values":[-0.0845,-0.1143,0.9898,0,-0.9652,-0.2372,-0.1098,0,0.2473,-0.9647,-0.0903,0,-12.8964,27.0239,-2.0394,1]}],"loopBehavior":1,"name":"anim","property":"_matrix"}},
{"name":"RightArm","index":20,"matrix":[0.9962,-0.0872,0,0,0.0845,0.9652,-0.2473,0,0.0216,0.2464,0.9689,0,0,19.7122,0,1],"rest":[0.9984,0.0489,0.0296,0,-0.0541,0.9759,0.2113,0,-0.0186,-0.2125,0.977,0,0,19.7122,-0.0002,1],"parentBoneIndex":19,"length":24.1798
,"animation":{"dataType":3,"framePerSecond":30,"keys":[
{"frame":1,"values":[0.9962,-0.0872,0,0,0.0845,0.9652,-0.2473,0,0.0216,0.2464,0.9689,0,0,19.7122,0,1]},
{"frame":2,"values":[0.9962,-0.0872,0,0,0.0845,0.9652,-0.2473,0,0.0216,0.2464,0.9689,0,0,19.7122,0,1]}],"loopBehavior":1,"name":"anim","property":"_matrix"}},
{"name":"RightForeArm","index":21,"matrix":[0.9883,0,0.1525,0,0,1,0,0,-0.1525,0,0.9883,0,0,24.1799,0,1],"rest":[0.9765,-0.1536,0.1515,0,0.1517,0.9881,0.0238,0,-0.1534,-0.0003,0.9882,0,0.0001,24.1798,0.0002,1],"parentBoneIndex":20,"length":27.1565
,"animation":{"dataType":3,"framePerSecond":30,"keys":[
{"frame":1,"values":[0.9883,0,0.1525,0,0,1,0,0,-0.1525,0,0.9883,0,0,24.1799,0,1]},
{"frame":2,"values":[0.9883,0,0.1525,0,0,1,0,0,-0.1525,0,0.9883,0,0,24.1799,0,1]}],"loopBehavior":1,"name":"anim","property":"_matrix"}},
{"name":"RightHand","index":22,"matrix":[0.9865,-0.005,-0.1637,0,0.0095,0.9996,0.027,0,0.1635,-0.0282,0.9861,0,0,27.1564,0,1],"rest":[0.9747,0.1341,-0.179,0,-0.1706,0.9634,-0.2068,0,0.1447,0.2321,0.9619,0,-0.0001,27.1565,-0.0003,1],"parentBoneIndex":21,"length":13.0852
,"animation":{"dataType":3,"framePerSecond":30,"keys":[
{"frame":1,"values":[0.9865,-0.005,-0.1637,0,0.0095,0.9996,0.027,0,0.1635,-0.0282,0.9861,0,0,27.1564,0,1]},
{"frame":2,"values":[0.9865,-0.005,-0.1637,0,0.0095,0.9996,0.027,0,0.1635,-0.0282,0.9861,0,0,27.1564,0,1]}],"loopBehavior":1,"name":"anim","property":"_matrix"}},
{"name":"RightHandThumb1","index":23,"matrix":[0.6233,0.0537,-0.7801,0,-0.4556,-0.7859,-0.4181,0,-0.6355,0.616,-0.4654,0,5.9,6.7567,4.7309,1],"rest":[0.6821,0.1398,-0.7177,0,-0.5685,-0.516,-0.6408,0,-0.4599,0.8451,-0.2725,0,5.8999,6.7567,4.731,1],"parentBoneIndex":22,"length":4.9292
,"animation":{"dataType":3,"framePerSecond":30,"keys":[
{"frame":1,"values":[0.6233,0.0537,-0.7801,0,-0.4556,-0.7859,-0.4181,0,-0.6355,0.616,-0.4654,0,5.9,6.7567,4.7309,1]},
{"frame":2,"values":[0.6233,0.0537,-0.7801,0,-0.4556,-0.7859,-0.4181,0,-0.6355,0.616,-0.4654,0,5.9,6.7567,4.7309,1]}],"loopBehavior":1,"name":"anim","property":"_matrix"}},
{"name":"RightHandThumb2","index":24,"matrix":[0.9549,-0.0087,-0.2969,0,0.0071,1,-0.0066,0,0.2969,0.0042,0.9549,0,-0.0986,-4.9281,0.0369,1],"rest":[0.9539,0.0885,-0.2866,0,-0.0397,0.9844,0.1716,0,0.2973,-0.1523,0.9425,0,-0.0986,-4.9281,0.0369,1],"parentBoneIndex":23,"length":4.1985
,"animation":{"dataType":3,"framePerSecond":30,"keys":[
{"frame":1,"values":[0.9549,-0.0087,-0.2969,0,0.0071,1,-0.0066,0,0.2969,0.0042,0.9549,0,-0.0986,-4.9281,0.0369,1]},
{"frame":2,"values":[0.9549,-0.0087,-0.2969,0,0.0071,1,-0.0066,0,0.2969,0.0042,0.9549,0,-0.0986,-4.9281,0.0369,1]}],"loopBehavior":1,"name":"anim","property":"_matrix"}},
{"name":"RightHandThumb3","index":25,"matrix":[0.9889,-0.0129,0.1479,0,0.0126,0.9999,0.0029,0,-0.1479,-0.001,0.989,0,-0.0528,-4.1981,-0.0124,1],"rest":[0.9889,-0.0158,0.1477,0,-0.0038,0.9913,0.1315,0,-0.1485,-0.1306,0.9802,0,-0.0529,-4.1981,-0.0123,1],"parentBoneIndex":24,"length":6.78
,"animation":{"dataType":3,"framePerSecond":30,"keys":[
{"frame":1,"values":[0.9889,-0.0129,0.1479,0,0.0126,0.9999,0.0029,0,-0.1479,-0.001,0.989,0,-0.0528,-4.1981,-0.0124,1]},
{"frame":2,"values":[0.9889,-0.0129,0.1479,0,0.0126,0.9999,0.0029,0,-0.1479,-0.001,0.989,0,-0.0528,-4.1981,-0.0124,1]}],"loopBehavior":1,"name":"anim","property":"_matrix"}},
{"name":"RightHandThumb4","index":26,"matrix":[0.0401,-0.253,-0.9666,0,0.0105,0.9675,-0.2527,0,0.9991,0,0.0415,0,0,-6.78,-0.0005,1],"rest":[0.0401,-0.253,-0.9666,0,0.0105,0.9675,-0.2527,0,0.9991,0,0.0415,0,0.0001,-6.78,-0.0005,1],"parentBoneIndex":25,"length":6.78
,"animation":{"dataType":3,"framePerSecond":30,"keys":[
{"frame":1,"values":[0.0401,-0.253,-0.9666,0,0.0105,0.9675,-0.2527,0,0.9991,0,0.0415,0,0,-6.78,-0.0005,1]},
{"frame":2,"values":[0.0401,-0.253,-0.9666,0,0.0105,0.9675,-0.2527,0,0.9991,0,0.0415,0,0,-6.78,-0.0005,1]}],"loopBehavior":1,"name":"anim","property":"_matrix"}},
{"name":"RightHandIndex1","index":27,"matrix":[0.9996,0.0035,-0.0267,0,0.0044,-0.9995,0.0321,0,-0.0266,-0.0322,-0.9991,0,-0.0797,16.0228,-0.4522,1],"rest":[0.9945,-0.1021,-0.0253,0,-0.1021,-0.9948,0.0029,0,-0.0255,-0.0003,-0.9997,0,-0.0798,16.0227,-0.452,1],"parentBoneIndex":22,"length":5.2135
,"animation":{"dataType":3,"framePerSecond":30,"keys":[
{"frame":1,"values":[0.9996,0.0035,-0.0267,0,0.0044,-0.9995,0.0321,0,-0.0266,-0.0322,-0.9991,0,-0.0797,16.0228,-0.4522,1]},
{"frame":2,"values":[0.9996,0.0035,-0.0267,0,0.0044,-0.9995,0.0321,0,-0.0266,-0.0322,-0.9991,0,-0.0797,16.0228,-0.4522,1]}],"loopBehavior":1,"name":"anim","property":"_matrix"}},
{"name":"RightHandIndex2","index":28,"matrix":[0.9999,-0.0007,-0.0139,0,0.0007,1,0.0049,0,0.0139,-0.0049,0.9999,0,-0.0036,-5.2133,-0.0202,1],"rest":[0.9984,0.0551,-0.0133,0,-0.0548,0.9983,0.0182,0,0.0143,-0.0175,0.9997,0,-0.0035,-5.2134,-0.02,1],"parentBoneIndex":27,"length":6.3864
,"animation":{"dataType":3,"framePerSecond":30,"keys":[
{"frame":1,"values":[0.9999,-0.0007,-0.0139,0,0.0007,1,0.0049,0,0.0139,-0.0049,0.9999,0,-0.0036,-5.2133,-0.0202,1]},
{"frame":2,"values":[0.9999,-0.0007,-0.0139,0,0.0007,1,0.0049,0,0.0139,-0.0049,0.9999,0,-0.0036,-5.2133,-0.0202,1]}],"loopBehavior":1,"name":"anim","property":"_matrix"}},
{"name":"RightHandIndex3","index":29,"matrix":[0.9987,-0.0003,0.0506,0,0.0001,1,0.0052,0,-0.0506,-0.0052,0.9987,0,0.0001,-6.3865,0.0066,1],"rest":[0.9987,-0.0006,0.0506,0,-0.0014,0.9992,0.0397,0,-0.0506,-0.0397,0.9979,0,0.0001,-6.3864,0.0064,1],"parentBoneIndex":28,"length":5.1891
,"animation":{"dataType":3,"framePerSecond":30,"keys":[
{"frame":1,"values":[0.9987,-0.0003,0.0506,0,0.0001,1,0.0052,0,-0.0506,-0.0052,0.9987,0,0.0001,-6.3865,0.0066,1]},
{"frame":2,"values":[0.9987,-0.0003,0.0506,0,0.0001,1,0.0052,0,-0.0506,-0.0052,0.9987,0,0.0001,-6.3865,0.0066,1]}],"loopBehavior":1,"name":"anim","property":"_matrix"}},
{"name":"RightHandIndex4","index":30,"matrix":[0.7213,-0.0444,-0.6912,0,0.0288,0.999,-0.0341,0,0.692,0.0047,0.7218,0,0.002,-5.1889,0.0322,1],"rest":[0.7213,-0.0444,-0.6912,0,0.0288,0.999,-0.0341,0,0.692,0.0047,0.7218,0,0.002,-5.1891,0.0321,1],"parentBoneIndex":29,"length":5.1891
,"animation":{"dataType":3,"framePerSecond":30,"keys":[
{"frame":1,"values":[0.7213,-0.0444,-0.6912,0,0.0288,0.999,-0.0341,0,0.692,0.0047,0.7218,0,0.002,-5.1889,0.0322,1]},
{"frame":2,"values":[0.7213,-0.0444,-0.6912,0,0.0288,0.999,-0.0341,0,0.692,0.0047,0.7218,0,0.002,-5.1889,0.0322,1]}],"loopBehavior":1,"name":"anim","property":"_matrix"}},
{"name":"LeftUpLeg","index":31,"matrix":[-0.9999,-0.0064,0.0078,0,0.0076,-0.9865,0.1634,0,0.0066,0.1635,0.9865,0,14.1592,-7.796,-1.1859,1],"rest":[-0.9973,-0.073,0.0062,0,0.0733,-0.9924,0.0992,0,-0.0011,0.0994,0.995,0,14.1592,-7.796,-1.1859,1],"parentBoneIndex":0,"length":34.3184
,"animation":{"dataType":3,"framePerSecond":30,"keys":[
{"frame":1,"values":[-0.9999,-0.0064,0.0078,0,0.0076,-0.9865,0.1634,0,0.0066,0.1635,0.9865,0,14.1592,-7.796,-1.1859,1]},
{"frame":2,"values":[-0.9999,-0.0064,0.0078,0,0.0076,-0.9865,0.1634,0,0.0066,0.1635,0.9865,0,14.1592,-7.796,-1.1859,1]}],"loopBehavior":1,"name":"anim","property":"_matrix"}},
{"name":"LeftLeg","index":32,"matrix":[0.9998,0.0027,-0.0203,0,-0.0095,0.9398,-0.3415,0,0.0182,0.3416,0.9397,0,0,34.3184,0,1],"rest":[0.9996,0.0003,-0.0292,0,-0.0086,0.9583,-0.2856,0,0.0279,0.2857,0.9579,0,0,34.3184,0,1],"parentBoneIndex":31,"length":30.56
,"animation":{"dataType":3,"framePerSecond":30,"keys":[
{"frame":1,"values":[0.9998,0.0027,-0.0203,0,-0.0095,0.9398,-0.3415,0,0.0182,0.3416,0.9397,0,0,34.3184,0,1]},
{"frame":2,"values":[0.9998,0.0027,-0.0203,0,-0.0095,0.9398,-0.3415,0,0.0182,0.3416,0.9397,0,0,34.3184,0,1]}],"loopBehavior":1,"name":"anim","property":"_matrix"}},
{"name":"LeftFoot","index":33,"matrix":[0.9968,0.065,0.0461,0,-0.0665,0.3593,0.9308,0,0.044,-0.9309,0.3625,0,0,30.5601,0,1],"rest":[0.999,0,0.0453,0,-0.0423,0.3563,0.9334,0,-0.0161,-0.9344,0.3559,0,0,30.56,0,1],"parentBoneIndex":32,"length":25.4713
,"animation":{"dataType":3,"framePerSecond":30,"keys":[
{"frame":1,"values":[0.9968,0.065,0.0461,0,-0.0665,0.3593,0.9308,0,0.044,-0.9309,0.3625,0,0,30.5601,0,1]},
{"frame":2,"values":[0.9968,0.065,0.0461,0,-0.0665,0.3593,0.9308,0,0.044,-0.9309,0.3625,0,0,30.5601,0,1]}],"loopBehavior":1,"name":"anim","property":"_matrix"}},
{"name":"LeftToeBase","index":34,"matrix":[1,0,0.0072,0,-0.0043,0.803,0.596,0,-0.0058,-0.596,0.803,0,-0.0378,25.4475,-1.1023,1],"rest":[1,0,0.0072,0,-0.0043,0.803,0.596,0,-0.0058,-0.596,0.803,0,-0.0378,25.4474,-1.1023,1],"parentBoneIndex":33,"length":13.2625
,"animation":{"dataType":3,"framePerSecond":30,"keys":[
{"frame":1,"values":[1,0,0.0072,0,-0.0043,0.803,0.596,0,-0.0058,-0.596,0.803,0,-0.0378,25.4475,-1.1023,1]},
{"frame":2,"values":[1,0,0.0072,0,-0.0043,0.803,0.596,0,-0.0058,-0.596,0.803,0,-0.0378,25.4475,-1.1023,1]}],"loopBehavior":1,"name":"anim","property":"_matrix"}},
{"name":"LeftToe_End","index":35,"matrix":[1,0,0,0,0,1,0,0,0,0,1,0,0.0457,13.2621,-0.0974,1],"rest":[1,0,0,0,0,1,0,0,0,0,1,0,0.0457,13.262,-0.0974,1],"parentBoneIndex":34,"length":13.2625
,"animation":{"dataType":3,"framePerSecond":30,"keys":[
{"frame":1,"values":[1,0,0,0,0,1,0,0,0,0,1,0,0.0457,13.2621,-0.0974,1]},
{"frame":2,"values":[1,0,0,0,0,1,0,0,0,0,1,0,0.0457,13.2621,-0.0974,1]}],"loopBehavior":1,"name":"anim","property":"_matrix"}},
{"name":"RightUpLeg","index":36,"matrix":[-0.9999,0.0063,-0.0092,0,-0.0078,-0.9865,0.1634,0,-0.0081,0.1635,0.9865,0,-13.7515,-8.1013,-1.1859,1],"rest":[-0.9973,0.073,-0.0062,0,-0.0733,-0.9924,0.0992,0,0.0011,0.0994,0.995,0,-13.7515,-8.1012,-1.1859,1],"parentBoneIndex":0,"length":34.3184
,"animation":{"dataType":3,"framePerSecond":30,"keys":[
{"frame":1,"values":[-0.9999,0.0063,-0.0092,0,-0.0078,-0.9865,0.1634,0,-0.0081,0.1635,0.9865,0,-13.7515,-8.1013,-1.1859,1]},
{"frame":2,"values":[-0.9999,0.0063,-0.0092,0,-0.0078,-0.9865,0.1634,0,-0.0081,0.1635,0.9865,0,-13.7515,-8.1013,-1.1859,1]}],"loopBehavior":1,"name":"anim","property":"_matrix"}},
{"name":"RightLeg","index":37,"matrix":[0.9998,-0.0026,0.0216,0,0.0098,0.9398,-0.3416,0,-0.0194,0.3418,0.9396,0,-0.7469,34.3103,-0.0038,1],"rest":[0.9996,-0.0003,0.0292,0,0.0086,0.9583,-0.2855,0,-0.0279,0.2857,0.9579,0,-0.7469,34.3103,-0.0039,1],"parentBoneIndex":36,"length":30.56
,"animation":{"dataType":3,"framePerSecond":30,"keys":[
{"frame":1,"values":[0.9998,-0.0026,0.0216,0,0.0098,0.9398,-0.3416,0,-0.0194,0.3418,0.9396,0,-0.7469,34.3103,-0.0038,1]},
{"frame":2,"values":[0.9998,-0.0026,0.0216,0,0.0098,0.9398,-0.3416,0,-0.0194,0.3418,0.9396,0,-0.7469,34.3103,-0.0038,1]}],"loopBehavior":1,"name":"anim","property":"_matrix"}},
{"name":"RightFoot","index":38,"matrix":[0.9968,-0.065,-0.046,0,0.0664,0.3591,0.9309,0,-0.0441,-0.931,0.3623,0,-0.6562,30.553,0.0139,1],"rest":[0.999,0,-0.0453,0,0.0423,0.3563,0.9334,0,0.0161,-0.9344,0.3559,0,-0.6562,30.553,0.0139,1],"parentBoneIndex":37,"length":25.4713
,"animation":{"dataType":3,"framePerSecond":30,"keys":[
{"frame":1,"values":[0.9968,-0.065,-0.046,0,0.0664,0.3591,0.9309,0,-0.0441,-0.931,0.3623,0,-0.6562,30.553,0.0139,1]},
{"frame":2,"values":[0.9968,-0.065,-0.046,0,0.0664,0.3591,0.9309,0,-0.0441,-0.931,0.3623,0,-0.6562,30.553,0.0139,1]}],"loopBehavior":1,"name":"anim","property":"_matrix"}},
{"name":"RightToeBase","index":39,"matrix":[1,0,-0.0072,0,0.0043,0.803,0.596,0,0.0058,-0.596,0.803,0,-0.2759,25.4456,-1.1121,1],"rest":[1,0,-0.0072,0,0.0043,0.803,0.596,0,0.0058,-0.596,0.803,0,-0.2759,25.4455,-1.1121,1],"parentBoneIndex":38,"length":13.2625
,"animation":{"dataType":3,"framePerSecond":30,"keys":[
{"frame":1,"values":[1,0,-0.0072,0,0.0043,0.803,0.596,0,0.0058,-0.596,0.803,0,-0.2759,25.4456,-1.1121,1]},
{"frame":2,"values":[1,0,-0.0072,0,0.0043,0.803,0.596,0,0.0058,-0.596,0.803,0,-0.2759,25.4456,-1.1121,1]}],"loopBehavior":1,"name":"anim","property":"_matrix"}},
{"name":"RightToe_End","index":40,"matrix":[1,0,0,0,0,1,0,0,0,0,1,0,-0.0236,13.2621,-0.104,1],"rest":[1,0,0,0,0,1,0,0,0,0,1,0,-0.0236,13.262,-0.104,1],"parentBoneIndex":39,"length":13.2625
,"animation":{"dataType":3,"framePerSecond":30,"keys":[
{"frame":1,"values":[1,0,0,0,0,1,0,0,0,0,1,0,-0.0236,13.2621,-0.104,1]},
{"frame":2,"values":[1,0,0,0,0,1,0,0,0,0,1,0,-0.0236,13.2621,-0.104,1]}],"loopBehavior":1,"name":"anim","property":"_matrix"}}]
,"ranges":[{"name":"Armature|mixamo.com|Layer0","from":0,"to":2}]}],
"meshes":[{"name":"Peasant_Man","id":"Peasant_Man","materialId":"kraljMatjaz.Peasant_Man_02","billboardMode":0,"position":[0,0,0],"rotation":[0,0,0],"scaling":[1,1,1],"isVisible":true,"freezeWorldMatrix":false,"isEnabled":true,"checkCollisions":false,"receiveShadows":false,"skeletonId":0,"numBoneInfluencers":5
