{"producer":{"name":"Blender","version":"2.78 (sub 0)","exporter_version":"4.6.1","file":"parkelj.babylon"},
"autoClear":true,"clearColor":[0.0509,0.0509,0.0509],"ambientColor":[0,0,0],"gravity":[0,-9.81,0],
"materials":[{"name":"parkelj.Demon_MAT","id":"parkelj.Demon_MAT","ambient":[1,1,1],"diffuse":[0.8,0.8,0.8],"specular":[0.25,0.25,0.25],"emissive":[0,0,0],"specularPower":103,"alpha":1,"backFaceCulling":true,"checkReadyOnlyOnce":false, 
"diffuseTexture":{"name":"Demon__diffuse.png","level":1,"hasAlpha":1,"coordinatesMode":0,"uOffset":0,"vOffset":0,"uScale":1,"vScale":1,"uAng":0,"vAng":0,"wAng":0,"wrapU":1,"wrapV":1,"coordinatesIndex":0}, 
"bumpTexture":{"name":"Demon__normal.png","level":2.8568,"hasAlpha":1,"coordinatesMode":0,"uOffset":0,"vOffset":0,"uScale":1,"vScale":1,"uAng":0,"vAng":0,"wAng":0,"wrapU":1,"wrapV":1,"coordinatesIndex":0}, 
"specularTexture":{"name":"Demon__specular.png","level":1,"hasAlpha":1,"coordinatesMode":0,"uOffset":0,"vOffset":0,"uScale":1,"vScale":1,"uAng":0,"vAng":0,"wAng":0,"wrapU":1,"wrapV":1,"coordinatesIndex":0}}],
"multiMaterials":[],
"skeletons":[{"name":"Armature","id":0,"dimensionsAtRest":[2.1717,0.4211,2.307],"bones":[
{"name":"Hips","index":0,"matrix":[0.01,0,0,0,0,0.01,0,0,0,0,-0.01,0,0,1.2338,-0.0069,1],"rest":[0.01,0,0,0,0,0.01,0,0,0,0,-0.01,0,0,1.2338,-0.0073,1],"parentBoneIndex":-1,"length":12.1852
,"animation":{"dataType":3,"framePerSecond":30,"keys":[
{"frame":1,"values":[0.01,0,0,0,0,0.01,0,0,0,0,-0.01,0,0,1.2325,0.0201,1]},
{"frame":2,"values":[0.01,0,0,0,0,0.01,0,0,0,0,-0.01,0,0,1.2325,0.0201,1]},
{"frame":11,"values":[0.01,0,0,0,0,0.01,0,0,0,0,-0.01,0,0,1.2338,-0.0069,1]},
{"frame":12,"values":[0.01,0,0,0,0,0.01,0,0,0,0,-0.01,0,0,1.2338,-0.0069,1]}],"loopBehavior":1,"name":"anim","property":"_matrix"}},
{"name":"Spine","index":1,"matrix":[1,-0.0001,0,0,0.0001,1,-0.009,0,0,0.009,1,0,0.0002,10.8493,-0.0973,1],"rest":[1,-0.0001,0,0,0.0001,1,-0.009,0,0,0.009,1,0,0.0002,10.8493,-0.0973,1],"parentBoneIndex":0,"length":12.658
,"animation":{"dataType":3,"framePerSecond":30,"keys":[
{"frame":1,"values":[1,-0.0001,0,0,0.0001,1,-0.009,0,0,0.009,1,0,0.0002,10.8493,-0.0973,1]},
{"frame":2,"values":[1,-0.0001,0,0,0.0001,1,-0.009,0,0,0.009,1,0,0.0002,10.8493,-0.0973,1]},
{"frame":11,"values":[1,-0.0001,0,0,0.0001,1,-0.009,0,0,0.009,1,0,0.0002,10.8493,-0.0973,1]},
{"frame":12,"values":[1,-0.0001,0,0,0.0001,1,-0.009,0,0,0.009,1,0,0.0002,10.8493,-0.0973,1]}],"loopBehavior":1,"name":"anim","property":"_matrix"}},
{"name":"Spine1","index":2,"matrix":[1,0,0,0,0,1,0,0,0,0,1,0,-0.0017,12.6581,0,1],"rest":[1,0,0,0,0,1,0,0,0,0,1,0,-0.0017,12.658,0,1],"parentBoneIndex":1,"length":14.4663
,"animation":{"dataType":3,"framePerSecond":30,"keys":[
{"frame":1,"values":[1,0,0,0,0,1,0,0,0,0,1,0,-0.0017,12.6579,0,1]},
{"frame":2,"values":[1,0,0,0,0,1,0,0,0,0,1,0,-0.0017,12.6579,0,1]},
{"frame":11,"values":[1,0,0,0,0,1,0,0,0,0,1,0,-0.0017,12.6581,0,1]},
{"frame":12,"values":[1,0,0,0,0,1,0,0,0,0,1,0,-0.0017,12.6581,0,1]}],"loopBehavior":1,"name":"anim","property":"_matrix"}},
{"name":"Spine2","index":3,"matrix":[1,0,0,0,0,1,0,0,0,0,1,0,-0.002,14.4663,0,1],"rest":[1,0,0,0,0,1,0,0,0,0,1,0,-0.002,14.4663,0,1],"parentBoneIndex":2,"length":18.767
,"animation":{"dataType":3,"framePerSecond":30,"keys":[
{"frame":1,"values":[1,0,0,0,0,1,0,0,0,0,1,0,-0.002,14.4663,0,1]},
{"frame":2,"values":[1,0,0,0,0,1,0,0,0,0,1,0,-0.002,14.4663,0,1]},
{"frame":11,"values":[1,0,0,0,0,1,0,0,0,0,1,0,-0.002,14.4663,0,1]},
{"frame":12,"values":[1,0,0,0,0,1,0,0,0,0,1,0,-0.002,14.4663,0,1]}],"loopBehavior":1,"name":"anim","property":"_matrix"}},
{"name":"Neck","index":4,"matrix":[1,0,0,0,0,1,0,0,0,0,1,0,-0.0025,17.764,1.1738,1],"rest":[1,0,0,0,0,1,0,0,0,0,1,0,-0.0025,17.764,1.1738,1],"parentBoneIndex":3,"length":11.7445
,"animation":{"dataType":3,"framePerSecond":30,"keys":[
{"frame":1,"values":[1,0,0,0,0,1,0,0,0,0,1,0,-0.0025,17.7641,1.1738,1]},
{"frame":2,"values":[1,0,0,0,0,1,0,0,0,0,1,0,-0.0025,17.7641,1.1738,1]},
{"frame":11,"values":[1,0,0,0,0,1,0,0,0,0,1,0,-0.0025,17.764,1.1738,1]},
{"frame":12,"values":[1,0,0,0,0,1,0,0,0,0,1,0,-0.0025,17.764,1.1738,1]}],"loopBehavior":1,"name":"anim","property":"_matrix"}},
{"name":"Head","index":5,"matrix":[1,0,0,0,0,1,0,0,0,0,1,0,-0.0015,10.8147,4.5798,1],"rest":[1,0,0,0,0,1,0,0,0,0,1,0,-0.0015,10.8147,4.5798,1],"parentBoneIndex":4,"length":21.1615
,"animation":{"dataType":3,"framePerSecond":30,"keys":[
{"frame":1,"values":[1,0,0,0,0,1,0,0,0,0,1,0,-0.0015,10.8146,4.5798,1]},
{"frame":2,"values":[1,0,0,0,0,1,0,0,0,0,1,0,-0.0015,10.8146,4.5798,1]},
{"frame":11,"values":[1,0,0,0,0,1,0,0,0,0,1,0,-0.0015,10.8147,4.5798,1]},
{"frame":12,"values":[1,0,0,0,0,1,0,0,0,0,1,0,-0.0015,10.8147,4.5798,1]}],"loopBehavior":1,"name":"anim","property":"_matrix"}},
{"name":"HeadTop_End","index":6,"matrix":[1,0.0001,0,0,-0.0001,1,0.009,0,0,-0.009,1,0,-0.0029,21.1351,1.0558,1],"rest":[1,0.0001,0,0,-0.0001,1,0.009,0,0,-0.009,1,0,-0.0029,21.1352,1.0558,1],"parentBoneIndex":5,"length":21.1615
,"animation":{"dataType":3,"framePerSecond":30,"keys":[
{"frame":1,"values":[1,0.0001,0,0,-0.0001,1,0.009,0,0,-0.009,1,0,-0.0029,21.1351,1.0558,1]},
{"frame":2,"values":[1,0.0001,0,0,-0.0001,1,0.009,0,0,-0.009,1,0,-0.0029,21.1351,1.0558,1]},
{"frame":11,"values":[1,0.0001,0,0,-0.0001,1,0.009,0,0,-0.009,1,0,-0.0029,21.1351,1.0558,1]},
{"frame":12,"values":[1,0.0001,0,0,-0.0001,1,0.009,0,0,-0.009,1,0,-0.0029,21.1351,1.0558,1]}],"loopBehavior":1,"name":"anim","property":"_matrix"}},
{"name":"LeftShoulder","index":7,"matrix":[-0.0569,0.0178,-0.9982,0,0.8827,-0.4663,-0.0586,0,-0.4665,-0.8844,0.0108,0,13.8571,13.3556,-0.4061,1],"rest":[-0.0551,0.0258,-0.9981,0,0.8078,-0.5864,-0.0597,0,-0.5869,-0.8096,0.0115,0,13.857,13.3556,-0.4061,1],"parentBoneIndex":3,"length":13.935
,"animation":{"dataType":3,"framePerSecond":30,"keys":[
{"frame":1,"values":[-0.0607,0.017,-0.998,0,0.8717,-0.4862,-0.0613,0,-0.4863,-0.8737,0.0147,0,13.8571,13.3558,-0.4061,1]},
{"frame":2,"values":[-0.0607,0.017,-0.998,0,0.8717,-0.4862,-0.0613,0,-0.4863,-0.8737,0.0147,0,13.8571,13.3558,-0.4061,1]},
{"frame":11,"values":[-0.0569,0.0178,-0.9982,0,0.8827,-0.4663,-0.0586,0,-0.4665,-0.8844,0.0108,0,13.8571,13.3556,-0.4061,1]},
{"frame":12,"values":[-0.0569,0.0178,-0.9982,0,0.8827,-0.4663,-0.0586,0,-0.4665,-0.8844,0.0108,0,13.8571,13.3556,-0.4061,1]}],"loopBehavior":1,"name":"anim","property":"_matrix"}},
{"name":"LeftArm","index":8,"matrix":[0.9979,0.0643,-0.0001,0,-0.0569,0.8826,-0.4666,0,-0.0299,0.4657,0.8844,0,0,13.9348,0,1],"rest":[0.9969,0.0787,0.0048,0,-0.0787,0.9906,0.1116,0,0.0041,-0.1116,0.9937,0,0,13.935,-0.0001,1],"parentBoneIndex":7,"length":25.2194
,"animation":{"dataType":3,"framePerSecond":30,"keys":[
{"frame":1,"values":[0.9763,0.2156,0.0202,0,-0.1953,0.9172,-0.3474,0,-0.0934,0.3352,0.9375,0,0,13.935,0.0001,1]},
{"frame":2,"values":[0.9763,0.2156,0.0202,0,-0.1953,0.9172,-0.3474,0,-0.0934,0.3352,0.9375,0,0,13.935,0.0001,1]},
{"frame":11,"values":[0.9979,0.0643,-0.0001,0,-0.0569,0.8826,-0.4666,0,-0.0299,0.4657,0.8844,0,0,13.9348,0,1]},
{"frame":12,"values":[0.9979,0.0643,-0.0001,0,-0.0569,0.8826,-0.4666,0,-0.0299,0.4657,0.8844,0,0,13.9348,0,1]}],"loopBehavior":1,"name":"anim","property":"_matrix"}},
{"name":"LeftForeArm","index":9,"matrix":[0.9182,0,0.396,0,0,1,0,0,-0.396,0,0.9182,0,0,25.2195,0,1],"rest":[0.8844,0.2813,0.3725,0,-0.259,0.9596,-0.1097,0,-0.3883,0.0005,0.9215,0,-0.0001,25.2194,0,1],"parentBoneIndex":8,"length":25.234
,"animation":{"dataType":3,"framePerSecond":30,"keys":[
{"frame":1,"values":[0.9133,0.1306,0.3857,0,-0.12,0.9914,-0.0514,0,-0.3891,0.0007,0.9212,0,0.0001,25.2195,-0.0001,1]},
{"frame":2,"values":[0.9133,0.1306,0.3857,0,-0.12,0.9914,-0.0514,0,-0.3891,0.0007,0.9212,0,0.0001,25.2195,-0.0001,1]},
{"frame":11,"values":[0.9182,0,0.396,0,0,1,0,0,-0.396,0,0.9182,0,0,25.2195,0,1]},
{"frame":12,"values":[0.9182,0,0.396,0,0,1,0,0,-0.396,0,0.9182,0,0,25.2195,0,1]}],"loopBehavior":1,"name":"anim","property":"_matrix"}},
{"name":"LeftHand","index":10,"matrix":[0.7559,-0.1078,-0.6458,0,0.0857,0.9942,-0.0657,0,0.6491,-0.0057,0.7607,0,0,25.234,0,1],"rest":[0.7091,0,-0.7052,0,0.0678,0.9954,0.0682,0,0.7019,-0.0961,0.7058,0,0,25.234,-0.0002,1],"parentBoneIndex":9,"length":15.736
,"animation":{"dataType":3,"framePerSecond":30,"keys":[
{"frame":1,"values":[0.7189,0.1276,-0.6833,0,0.1733,0.9191,0.354,0,0.6732,-0.3729,0.6386,0,0.0002,25.2339,0.0001,1]},
{"frame":2,"values":[0.7189,0.1276,-0.6833,0,0.1733,0.9191,0.354,0,0.6732,-0.3729,0.6386,0,0.0002,25.2339,0.0001,1]},
{"frame":11,"values":[0.7559,-0.1078,-0.6458,0,0.0857,0.9942,-0.0657,0,0.6491,-0.0057,0.7607,0,0,25.234,0,1]},
{"frame":12,"values":[0.7559,-0.1078,-0.6458,0,0.0857,0.9942,-0.0657,0,0.6491,-0.0057,0.7607,0,0,25.234,0,1]}],"loopBehavior":1,"name":"anim","property":"_matrix"}},
{"name":"LeftHandThumb1","index":11,"matrix":[0.6824,0.2807,0.675,0,0.6132,-0.7224,-0.3195,0,0.3979,0.632,-0.6651,0,-5.8327,4.8747,3.2771,1],"rest":[0.6462,0.3211,0.6923,0,0.7096,-0.5866,-0.3903,0,0.2808,0.7435,-0.607,0,-5.8326,4.8746,3.2772,1],"parentBoneIndex":10,"length":4.1291
,"animation":{"dataType":3,"framePerSecond":30,"keys":[
{"frame":1,"values":[0.5495,0.4248,0.7194,0,0.6533,-0.7553,-0.0529,0,0.5209,0.4991,-0.6925,0,-5.8326,4.8746,3.2772,1]},
{"frame":2,"values":[0.5495,0.4248,0.7194,0,0.6533,-0.7553,-0.0529,0,0.5209,0.4991,-0.6925,0,-5.8326,4.8746,3.2772,1]},
{"frame":11,"values":[0.6824,0.2807,0.675,0,0.6132,-0.7224,-0.3195,0,0.3979,0.632,-0.6651,0,-5.8327,4.8747,3.2771,1]},
{"frame":12,"values":[0.6824,0.2807,0.675,0,0.6132,-0.7224,-0.3195,0,0.3979,0.632,-0.6651,0,-5.8327,4.8747,3.2771,1]}],"loopBehavior":1,"name":"anim","property":"_matrix"}},
{"name":"LeftHandThumb2","index":12,"matrix":[0.996,-0.0035,0.0898,0,0.0025,0.9999,0.0112,0,-0.0898,-0.0109,0.9959,0,-0.1149,-4.1275,-0.0135,1],"rest":[0.965,0.239,0.1082,0,-0.2521,0.959,0.1295,0,-0.0728,-0.1522,0.9857,0,-0.1151,-4.1275,-0.0135,1],"parentBoneIndex":11,"length":6.2979
,"animation":{"dataType":3,"framePerSecond":30,"keys":[
{"frame":1,"values":[0.9362,0.3322,0.115,0,-0.3301,0.9432,-0.0374,0,-0.1209,-0.003,0.9927,0,-0.1151,-4.1275,-0.0135,1]},
{"frame":2,"values":[0.9362,0.3322,0.115,0,-0.3301,0.9432,-0.0374,0,-0.1209,-0.003,0.9927,0,-0.1151,-4.1275,-0.0135,1]},
{"frame":11,"values":[0.996,-0.0035,0.0898,0,0.0025,0.9999,0.0112,0,-0.0898,-0.0109,0.9959,0,-0.1149,-4.1275,-0.0135,1]},
{"frame":12,"values":[0.996,-0.0035,0.0898,0,0.0025,0.9999,0.0112,0,-0.0898,-0.0109,0.9959,0,-0.1149,-4.1275,-0.0135,1]}],"loopBehavior":1,"name":"anim","property":"_matrix"}},
{"name":"LeftHandThumb3","index":13,"matrix":[0.9998,-0.0193,0.0072,0,0.0194,0.9997,-0.0138,0,-0.007,0.014,0.9999,0,-0.1546,-6.2956,0.0639,1],"rest":[0.9814,0.1918,0.0104,0,-0.1921,0.9808,0.034,0,-0.0037,-0.0354,0.9994,0,-0.1545,-6.2956,0.0639,1],"parentBoneIndex":12,"length":5.2883
,"animation":{"dataType":3,"framePerSecond":30,"keys":[
{"frame":1,"values":[0.9819,0.189,0.0105,0,-0.1871,0.9777,-0.0958,0,-0.0284,0.0921,0.9953,0,-0.1546,-6.2957,0.0639,1]},
{"frame":2,"values":[0.9819,0.189,0.0105,0,-0.1871,0.9777,-0.0958,0,-0.0284,0.0921,0.9953,0,-0.1546,-6.2957,0.0639,1]},
{"frame":11,"values":[0.9998,-0.0193,0.0072,0,0.0194,0.9997,-0.0138,0,-0.007,0.014,0.9999,0,-0.1546,-6.2956,0.0639,1]},
{"frame":12,"values":[0.9998,-0.0193,0.0072,0,0.0194,0.9997,-0.0138,0,-0.007,0.014,0.9999,0,-0.1546,-6.2956,0.0639,1]}],"loopBehavior":1,"name":"anim","property":"_matrix"}},
{"name":"LeftHandThumb4","index":14,"matrix":[0.7524,-0.1194,0.6478,0,0.0909,0.9928,0.0775,0,-0.6524,0.0006,0.7579,0,-0.0273,-5.2881,-0.0192,1],"rest":[0.7524,-0.1194,0.6478,0,0.0909,0.9928,0.0775,0,-0.6524,0.0006,0.7579,0,-0.0272,-5.2882,-0.0191,1],"parentBoneIndex":13,"length":5.2883
,"animation":{"dataType":3,"framePerSecond":30,"keys":[
{"frame":1,"values":[0.7524,-0.1194,0.6478,0,0.0909,0.9928,0.0775,0,-0.6524,0.0006,0.7579,0,-0.0273,-5.2881,-0.0192,1]},
{"frame":2,"values":[0.7524,-0.1194,0.6478,0,0.0909,0.9928,0.0775,0,-0.6524,0.0006,0.7579,0,-0.0273,-5.2881,-0.0192,1]},
{"frame":11,"values":[0.7524,-0.1194,0.6478,0,0.0909,0.9928,0.0775,0,-0.6524,0.0006,0.7579,0,-0.0273,-5.2881,-0.0192,1]},
{"frame":12,"values":[0.7524,-0.1194,0.6478,0,0.0909,0.9928,0.0775,0,-0.6524,0.0006,0.7579,0,-0.0273,-5.2881,-0.0192,1]}],"loopBehavior":1,"name":"anim","property":"_matrix"}},
{"name":"LeftHandIndex1","index":15,"matrix":[0.9966,0.082,0.001,0,0.082,-0.9966,0.0057,0,0.0015,-0.0056,-1,0,-6.5536,16.5485,-0.6381,1],"rest":[0.992,0.1261,0,0,0.1237,-0.9728,-0.1957,0,-0.0247,0.1941,-0.9807,0,-6.5537,16.5485,-0.6381,1],"parentBoneIndex":10,"length":5.0011
,"animation":{"dataType":3,"framePerSecond":30,"keys":[
{"frame":1,"values":[0.9979,0.0644,-0.0059,0,0.0639,-0.9964,-0.0555,0,-0.0094,0.055,-0.9984,0,-6.5537,16.5484,-0.6381,1]},
{"frame":2,"values":[0.9979,0.0644,-0.0059,0,0.0639,-0.9964,-0.0555,0,-0.0094,0.055,-0.9984,0,-6.5537,16.5484,-0.6381,1]},
{"frame":11,"values":[0.9966,0.082,0.001,0,0.082,-0.9966,0.0057,0,0.0015,-0.0056,-1,0,-6.5536,16.5485,-0.6381,1]},
{"frame":12,"values":[0.9966,0.082,0.001,0,0.082,-0.9966,0.0057,0,0.0015,-0.0056,-1,0,-6.5536,16.5485,-0.6381,1]}],"loopBehavior":1,"name":"anim","property":"_matrix"}},
{"name":"LeftHandIndex2","index":16,"matrix":[0.9961,-0.0154,-0.0869,0,0.015,0.9999,-0.0045,0,0.087,0.0032,0.9962,0,-0.1293,-4.9997,0,1],"rest":[0.9964,-0.0112,-0.0837,0,0.0319,0.9678,0.2496,0,0.0782,-0.2514,0.9647,0,-0.1292,-4.9995,0,1],"parentBoneIndex":15,"length":4.1152
,"animation":{"dataType":3,"framePerSecond":30,"keys":[
{"frame":1,"values":[0.9957,0.071,-0.059,0,-0.048,0.9443,0.3256,0,0.0789,-0.3214,0.9437,0,-0.1292,-4.9994,-0.0001,1]},
{"frame":2,"values":[0.9957,0.071,-0.059,0,-0.048,0.9443,0.3256,0,0.0789,-0.3214,0.9437,0,-0.1292,-4.9994,-0.0001,1]},
{"frame":11,"values":[0.9961,-0.0154,-0.0869,0,0.015,0.9999,-0.0045,0,0.087,0.0032,0.9962,0,-0.1293,-4.9997,0,1]},
{"frame":12,"values":[0.9961,-0.0154,-0.0869,0,0.015,0.9999,-0.0045,0,0.087,0.0032,0.9962,0,-0.1293,-4.9997,0,1]}],"loopBehavior":1,"name":"anim","property":"_matrix"}},
{"name":"LeftHandIndex3","index":17,"matrix":[0.9989,-0.0122,0.0443,0,0.0114,0.9998,0.0166,0,-0.0445,-0.016,0.9989,0,-0.0428,-4.1149,-0.0223,1],"rest":[0.9987,-0.0272,0.042,0,0.0153,0.9654,0.2603,0,-0.0476,-0.2593,0.9646,0,-0.0428,-4.115,-0.0222,1],"parentBoneIndex":16,"length":5.6968
,"animation":{"dataType":3,"framePerSecond":30,"keys":[
{"frame":1,"values":[0.9987,-0.0274,0.0419,0,0.0172,0.9738,0.2269,0,-0.0471,-0.2259,0.973,0,-0.0428,-4.115,-0.022,1]},
{"frame":2,"values":[0.9987,-0.0274,0.0419,0,0.0172,0.9738,0.2269,0,-0.0471,-0.2259,0.973,0,-0.0428,-4.115,-0.022,1]},
{"frame":11,"values":[0.9989,-0.0122,0.0443,0,0.0114,0.9998,0.0166,0,-0.0445,-0.016,0.9989,0,-0.0428,-4.1149,-0.0223,1]},
{"frame":12,"values":[0.9989,-0.0122,0.0443,0,0.0114,0.9998,0.0166,0,-0.0445,-0.016,0.9989,0,-0.0428,-4.1149,-0.0223,1]}],"loopBehavior":1,"name":"anim","property":"_matrix"}},
{"name":"LeftHandIndex4","index":18,"matrix":[0.9976,0.0664,0.0197,0,-0.0662,0.9977,-0.0121,0,-0.0204,0.0107,0.9997,0,0.0088,-5.6964,0.0631,1],"rest":[0.9976,0.0664,0.0197,0,-0.0662,0.9977,-0.0121,0,-0.0204,0.0107,0.9997,0,0.0087,-5.6965,0.0631,1],"parentBoneIndex":17,"length":5.6968
,"animation":{"dataType":3,"framePerSecond":30,"keys":[
{"frame":1,"values":[0.9976,0.0664,0.0197,0,-0.0662,0.9977,-0.0121,0,-0.0204,0.0107,0.9997,0,0.0088,-5.6964,0.0631,1]},
{"frame":2,"values":[0.9976,0.0664,0.0197,0,-0.0662,0.9977,-0.0121,0,-0.0204,0.0107,0.9997,0,0.0088,-5.6964,0.0631,1]},
{"frame":11,"values":[0.9976,0.0664,0.0197,0,-0.0662,0.9977,-0.0121,0,-0.0204,0.0107,0.9997,0,0.0088,-5.6964,0.0631,1]},
{"frame":12,"values":[0.9976,0.0664,0.0197,0,-0.0662,0.9977,-0.0121,0,-0.0204,0.0107,0.9997,0,0.0088,-5.6964,0.0631,1]}],"loopBehavior":1,"name":"anim","property":"_matrix"}},
{"name":"LeftHandMiddle1","index":19,"matrix":[0.9566,0.098,0.2743,0,0.1002,-0.995,0.0061,0,0.2735,0.0216,-0.9616,0,-1.8916,17.4487,-0.0998,1],"rest":[0.9685,-0.0621,0.241,0,0.0329,-0.928,-0.371,0,0.2467,0.3673,-0.8968,0,-1.8916,17.4486,-0.0996,1],"parentBoneIndex":10,"length":4.9317
,"animation":{"dataType":3,"framePerSecond":30,"keys":[
{"frame":1,"values":[0.9566,0.098,0.2743,0,0.1002,-0.995,0.0061,0,0.2735,0.0216,-0.9616,0,-1.8916,17.4487,-0.0998,1]},
{"frame":2,"values":[0.9566,0.098,0.2743,0,0.1002,-0.995,0.0061,0,0.2735,0.0216,-0.9616,0,-1.8916,17.4487,-0.0998,1]},
{"frame":11,"values":[0.9566,0.098,0.2743,0,0.1002,-0.995,0.0061,0,0.2735,0.0216,-0.9616,0,-1.8916,17.4487,-0.0998,1]},
{"frame":12,"values":[0.9566,0.098,0.2743,0,0.1002,-0.995,0.0061,0,0.2735,0.0216,-0.9616,0,-1.8916,17.4487,-0.0998,1]}],"loopBehavior":1,"name":"anim","property":"_matrix"}},
{"name":"LeftHandMiddle2","index":20,"matrix":[0.9532,0.016,-0.302,0,-0.0261,0.9992,-0.0292,0,0.3013,0.0357,0.9529,0,-0.0358,-4.9317,-0.0123,1],"rest":[0.9532,0.1396,-0.2681,0,-0.0363,0.9333,0.3573,0,0.3001,-0.3309,0.8947,0,-0.0359,-4.9316,-0.0122,1],"parentBoneIndex":19,"length":3.8855
,"animation":{"dataType":3,"framePerSecond":30,"keys":[
{"frame":1,"values":[0.9532,0.016,-0.302,0,-0.0261,0.9992,-0.0292,0,0.3013,0.0357,0.9529,0,-0.0358,-4.9317,-0.0122,1]},
{"frame":2,"values":[0.9532,0.016,-0.302,0,-0.0261,0.9992,-0.0292,0,0.3013,0.0357,0.9529,0,-0.0358,-4.9317,-0.0122,1]},
{"frame":11,"values":[0.9532,0.016,-0.302,0,-0.0261,0.9992,-0.0292,0,0.3013,0.0357,0.9529,0,-0.0358,-4.9317,-0.0123,1]},
{"frame":12,"values":[0.9532,0.016,-0.302,0,-0.0261,0.9992,-0.0292,0,0.3013,0.0357,0.9529,0,-0.0358,-4.9317,-0.0123,1]}],"loopBehavior":1,"name":"anim","property":"_matrix"}},
{"name":"LeftHandMiddle3","index":21,"matrix":[0.9812,-0.0364,0.1893,0,0.0317,0.9991,0.0281,0,-0.1902,-0.0215,0.9815,0,-0.0863,-3.8815,-0.1564,1],"rest":[0.9781,-0.1167,0.1723,0,0.0585,0.9487,0.3107,0,-0.1997,-0.2938,0.9348,0,-0.0863,-3.8814,-0.1562,1],"parentBoneIndex":20,"length":5.3506
,"animation":{"dataType":3,"framePerSecond":30,"keys":[
{"frame":1,"values":[0.9812,-0.0364,0.1893,0,0.0317,0.9991,0.0281,0,-0.1902,-0.0215,0.9815,0,-0.0863,-3.8815,-0.1563,1]},
{"frame":2,"values":[0.9812,-0.0364,0.1893,0,0.0317,0.9991,0.0281,0,-0.1902,-0.0215,0.9815,0,-0.0863,-3.8815,-0.1563,1]},
{"frame":11,"values":[0.9812,-0.0364,0.1893,0,0.0317,0.9991,0.0281,0,-0.1902,-0.0215,0.9815,0,-0.0863,-3.8815,-0.1564,1]},
{"frame":12,"values":[0.9812,-0.0364,0.1893,0,0.0317,0.9991,0.0281,0,-0.1902,-0.0215,0.9815,0,-0.0863,-3.8815,-0.1564,1]}],"loopBehavior":1,"name":"anim","property":"_matrix"}},
{"name":"LeftHandMiddle4","index":22,"matrix":[0.8794,0.1682,0.4455,0,-0.1571,0.9856,-0.062,0,-0.4495,-0.0154,0.8931,0,0.0374,-5.3499,-0.0736,1],"rest":[0.8794,0.1682,0.4455,0,-0.1571,0.9856,-0.062,0,-0.4495,-0.0154,0.8931,0,0.0374,-5.35,-0.0737,1],"parentBoneIndex":21,"length":5.3506
,"animation":{"dataType":3,"framePerSecond":30,"keys":[
{"frame":1,"values":[0.8794,0.1682,0.4455,0,-0.1571,0.9856,-0.062,0,-0.4495,-0.0154,0.8931,0,0.0374,-5.3499,-0.0736,1]},
{"frame":2,"values":[0.8794,0.1682,0.4455,0,-0.1571,0.9856,-0.062,0,-0.4495,-0.0154,0.8931,0,0.0374,-5.3499,-0.0736,1]},
{"frame":11,"values":[0.8794,0.1682,0.4455,0,-0.1571,0.9856,-0.062,0,-0.4495,-0.0154,0.8931,0,0.0374,-5.3499,-0.0736,1]},
{"frame":12,"values":[0.8794,0.1682,0.4455,0,-0.1571,0.9856,-0.062,0,-0.4495,-0.0154,0.8931,0,0.0374,-5.3499,-0.0736,1]}],"loopBehavior":1,"name":"anim","property":"_matrix"}},
{"name":"LeftHandRing1","index":23,"matrix":[0.8381,0.1259,0.5308,0,0.1127,-0.992,0.0573,0,0.5338,0.0118,-0.8455,0,2.6709,17.2343,1.1898,1],"rest":[0.8502,-0.2047,0.485,0,-0.0638,-0.9546,-0.291,0,0.5225,0.2165,-0.8247,0,2.671,17.2342,1.1898,1],"parentBoneIndex":10,"length":4.0929
,"animation":{"dataType":3,"framePerSecond":30,"keys":[
{"frame":1,"values":[0.8381,0.1259,0.5308,0,0.1127,-0.992,0.0573,0,0.5338,0.0118,-0.8455,0,2.6709,17.2343,1.1898,1]},
{"frame":2,"values":[0.8381,0.1259,0.5308,0,0.1127,-0.992,0.0573,0,0.5338,0.0118,-0.8455,0,2.6709,17.2343,1.1898,1]},
{"frame":11,"values":[0.8381,0.1259,0.5308,0,0.1127,-0.992,0.0573,0,0.5338,0.0118,-0.8455,0,2.6709,17.2343,1.1898,1]},
{"frame":12,"values":[0.8381,0.1259,0.5308,0,0.1127,-0.992,0.0573,0,0.5338,0.0118,-0.8455,0,2.6709,17.2343,1.1898,1]}],"loopBehavior":1,"name":"anim","property":"_matrix"}},
{"name":"LeftHandRing2","index":24,"matrix":[0.9989,0.0308,-0.0366,0,-0.0298,0.9992,0.0262,0,0.0374,-0.025,0.999,0,0.1303,-4.0874,-0.1676,1],"rest":[0.9958,0.0901,-0.0162,0,-0.0615,0.7897,0.6104,0,0.0678,-0.6068,0.792,0,0.1303,-4.0873,-0.1676,1],"parentBoneIndex":23,"length":5.1091
,"animation":{"dataType":3,"framePerSecond":30,"keys":[
{"frame":1,"values":[0.9989,0.0308,-0.0366,0,-0.0298,0.9992,0.0262,0,0.0374,-0.025,0.999,0,0.1303,-4.0874,-0.1676,1]},
{"frame":2,"values":[0.9989,0.0308,-0.0366,0,-0.0298,0.9992,0.0262,0,0.0374,-0.025,0.999,0,0.1303,-4.0874,-0.1676,1]},
{"frame":11,"values":[0.9989,0.0308,-0.0366,0,-0.0298,0.9992,0.0262,0,0.0374,-0.025,0.999,0,0.1303,-4.0874,-0.1676,1]},
{"frame":12,"values":[0.9989,0.0308,-0.0366,0,-0.0298,0.9992,0.0262,0,0.0374,-0.025,0.999,0,0.1303,-4.0874,-0.1676,1]}],"loopBehavior":1,"name":"anim","property":"_matrix"}},
{"name":"LeftHandRing3","index":25,"matrix":[0.9972,-0.0073,0.0747,0,0.0064,0.9999,0.0127,0,-0.0748,-0.0122,0.9971,0,0.0131,-5.1085,-0.0752,1],"rest":[0.9956,-0.0732,0.0587,0,0.0472,0.9315,0.3606,0,-0.081,-0.3562,0.9309,0,0.0132,-5.1085,-0.0751,1],"parentBoneIndex":24,"length":5.152
,"animation":{"dataType":3,"framePerSecond":30,"keys":[
{"frame":1,"values":[0.9972,-0.0073,0.0747,0,0.0064,0.9999,0.0127,0,-0.0748,-0.0122,0.9971,0,0.0131,-5.1085,-0.0752,1]},
{"frame":2,"values":[0.9972,-0.0073,0.0747,0,0.0064,0.9999,0.0127,0,-0.0748,-0.0122,0.9971,0,0.0131,-5.1085,-0.0752,1]},
{"frame":11,"values":[0.9972,-0.0073,0.0747,0,0.0064,0.9999,0.0127,0,-0.0748,-0.0122,0.9971,0,0.0131,-5.1085,-0.0752,1]},
{"frame":12,"values":[0.9972,-0.0073,0.0747,0,0.0064,0.9999,0.0127,0,-0.0748,-0.0122,0.9971,0,0.0131,-5.1085,-0.0752,1]}],"loopBehavior":1,"name":"anim","property":"_matrix"}},
{"name":"LeftHandRing4","index":26,"matrix":[0.6935,0.2654,0.6698,0,-0.1565,0.963,-0.2195,0,-0.7032,0.0474,0.7094,0,0.0451,-5.1517,-0.0137,1],"rest":[0.6935,0.2654,0.6698,0,-0.1565,0.963,-0.2195,0,-0.7032,0.0474,0.7094,0,0.045,-5.1518,-0.0136,1],"parentBoneIndex":25,"length":5.152
,"animation":{"dataType":3,"framePerSecond":30,"keys":[
{"frame":1,"values":[0.6935,0.2654,0.6698,0,-0.1565,0.963,-0.2195,0,-0.7032,0.0474,0.7094,0,0.0451,-5.1517,-0.0137,1]},
{"frame":2,"values":[0.6935,0.2654,0.6698,0,-0.1565,0.963,-0.2195,0,-0.7032,0.0474,0.7094,0,0.0451,-5.1517,-0.0137,1]},
{"frame":11,"values":[0.6935,0.2654,0.6698,0,-0.1565,0.963,-0.2195,0,-0.7032,0.0474,0.7094,0,0.0451,-5.1517,-0.0137,1]},
{"frame":12,"values":[0.6935,0.2654,0.6698,0,-0.1565,0.963,-0.2195,0,-0.7032,0.0474,0.7094,0,0.0451,-5.1517,-0.0137,1]}],"loopBehavior":1,"name":"anim","property":"_matrix"}},
{"name":"LeftHandPinky1","index":27,"matrix":[0.6906,0.0728,0.7195,0,0.1049,-0.9945,0,0,0.7156,0.0755,-0.6944,0,6.3324,16.1011,3.0045,1],"rest":[0.7373,-0.3388,0.5845,0,0.0932,-0.8059,-0.5847,0,0.6691,0.4856,-0.5626,0,6.3324,16.101,3.0046,1],"parentBoneIndex":10,"length":3.6345
,"animation":{"dataType":3,"framePerSecond":30,"keys":[
{"frame":1,"values":[0.6906,0.0728,0.7195,0,0.1049,-0.9945,0,0,0.7156,0.0755,-0.6944,0,6.3324,16.1011,3.0045,1]},
{"frame":2,"values":[0.6906,0.0728,0.7195,0,0.1049,-0.9945,0,0,0.7156,0.0755,-0.6944,0,6.3324,16.1011,3.0045,1]},
{"frame":11,"values":[0.6906,0.0728,0.7195,0,0.1049,-0.9945,0,0,0.7156,0.0755,-0.6944,0,6.3324,16.1011,3.0045,1]},
{"frame":12,"values":[0.6906,0.0728,0.7195,0,0.1049,-0.9945,0,0,0.7156,0.0755,-0.6944,0,6.3324,16.1011,3.0045,1]}],"loopBehavior":1,"name":"anim","property":"_matrix"}},
{"name":"LeftHandPinky2","index":28,"matrix":[0.9993,-0.0105,-0.0349,0,0.0104,0.9999,-0.0018,0,0.0349,0.0014,0.9994,0,-0.0222,-3.6346,0.0068,1],"rest":[0.9992,0.0285,-0.0295,0,-0.0164,0.9372,0.3485,0,0.0375,-0.3477,0.9368,0,-0.0222,-3.6344,0.0069,1],"parentBoneIndex":27,"length":3.4838
,"animation":{"dataType":3,"framePerSecond":30,"keys":[
{"frame":1,"values":[0.9993,-0.0105,-0.0349,0,0.0104,0.9999,-0.0018,0,0.0349,0.0014,0.9994,0,-0.0222,-3.6346,0.0068,1]},
{"frame":2,"values":[0.9993,-0.0105,-0.0349,0,0.0104,0.9999,-0.0018,0,0.0349,0.0014,0.9994,0,-0.0222,-3.6346,0.0068,1]},
{"frame":11,"values":[0.9993,-0.0105,-0.0349,0,0.0104,0.9999,-0.0018,0,0.0349,0.0014,0.9994,0,-0.0222,-3.6346,0.0068,1]},
{"frame":12,"values":[0.9993,-0.0105,-0.0349,0,0.0104,0.9999,-0.0018,0,0.0349,0.0014,0.9994,0,-0.0222,-3.6346,0.0068,1]}],"loopBehavior":1,"name":"anim","property":"_matrix"}},
{"name":"LeftHandPinky3","index":29,"matrix":[0.9982,0.0064,0.0592,0,-0.0064,1,-0.0009,0,-0.0592,0.0006,0.9982,0,0.0151,-3.4837,0.0008,1],"rest":[0.9978,0.0188,0.0634,0,-0.0467,0.8791,0.4744,0,-0.0468,-0.4763,0.878,0,0.0151,-3.4838,0.0008,1],"parentBoneIndex":28,"length":4.0949
,"animation":{"dataType":3,"framePerSecond":30,"keys":[
{"frame":1,"values":[0.9982,0.0064,0.0592,0,-0.0064,1,-0.0009,0,-0.0592,0.0006,0.9982,0,0.0151,-3.4837,0.0008,1]},
{"frame":2,"values":[0.9982,0.0064,0.0592,0,-0.0064,1,-0.0009,0,-0.0592,0.0006,0.9982,0,0.0151,-3.4837,0.0008,1]},
{"frame":11,"values":[0.9982,0.0064,0.0592,0,-0.0064,1,-0.0009,0,-0.0592,0.0006,0.9982,0,0.0151,-3.4837,0.0008,1]},
{"frame":12,"values":[0.9982,0.0064,0.0592,0,-0.0064,1,-0.0009,0,-0.0592,0.0006,0.9982,0,0.0151,-3.4837,0.0008,1]}],"loopBehavior":1,"name":"anim","property":"_matrix"}},
{"name":"LeftHandPinky4","index":30,"matrix":[0.347,0.2999,0.8886,0,-0.0251,0.9501,-0.3108,0,-0.9375,0.0855,0.3373,0,-0.0086,-4.0949,-0.0024,1],"rest":[0.347,0.2999,0.8886,0,-0.0251,0.9501,-0.3108,0,-0.9375,0.0855,0.3373,0,-0.0087,-4.0949,-0.0024,1],"parentBoneIndex":29,"length":4.0949
,"animation":{"dataType":3,"framePerSecond":30,"keys":[
{"frame":1,"values":[0.347,0.2999,0.8886,0,-0.0251,0.9501,-0.3108,0,-0.9375,0.0855,0.3373,0,-0.0086,-4.0948,-0.0024,1]},
{"frame":2,"values":[0.347,0.2999,0.8886,0,-0.0251,0.9501,-0.3108,0,-0.9375,0.0855,0.3373,0,-0.0086,-4.0948,-0.0024,1]},
{"frame":11,"values":[0.347,0.2999,0.8886,0,-0.0251,0.9501,-0.3108,0,-0.9375,0.0855,0.3373,0,-0.0086,-4.0949,-0.0024,1]},
{"frame":12,"values":[0.347,0.2999,0.8886,0,-0.0251,0.9501,-0.3108,0,-0.9375,0.0855,0.3373,0,-0.0086,-4.0949,-0.0024,1]}],"loopBehavior":1,"name":"anim","property":"_matrix"}},
{"name":"RightShoulder","index":31,"matrix":[-0.0569,-0.0178,0.9982,0,-0.8827,-0.4663,-0.0586,0,0.4665,-0.8844,0.0108,0,-13.8586,13.3518,-0.4062,1],"rest":[-0.0551,-0.0258,0.9981,0,-0.8078,-0.5864,-0.0597,0,0.5869,-0.8096,0.0115,0,-13.8588,13.3518,-0.4062,1],"parentBoneIndex":3,"length":13.9349
,"animation":{"dataType":3,"framePerSecond":30,"keys":[
{"frame":1,"values":[-0.0607,-0.017,0.998,0,-0.8717,-0.4862,-0.0613,0,0.4863,-0.8737,0.0147,0,-13.8588,13.3519,-0.4062,1]},
{"frame":2,"values":[-0.0607,-0.017,0.998,0,-0.8717,-0.4862,-0.0613,0,0.4863,-0.8737,0.0147,0,-13.8588,13.3519,-0.4062,1]},
{"frame":11,"values":[-0.0569,-0.0178,0.9982,0,-0.8827,-0.4663,-0.0586,0,0.4665,-0.8844,0.0108,0,-13.8586,13.3518,-0.4062,1]},
{"frame":12,"values":[-0.0569,-0.0178,0.9982,0,-0.8827,-0.4663,-0.0586,0,0.4665,-0.8844,0.0108,0,-13.8586,13.3518,-0.4062,1]}],"loopBehavior":1,"name":"anim","property":"_matrix"}},
{"name":"RightArm","index":32,"matrix":[0.9979,-0.0643,0.0001,0,0.0569,0.8826,-0.4667,0,0.0299,0.4657,0.8844,0,-0.0001,13.9348,0.0038,1],"rest":[0.9969,-0.0787,-0.0048,0,0.0787,0.9906,0.1116,0,-0.0041,-0.1116,0.9937,0,-0.0001,13.9348,0.0038,1],"parentBoneIndex":31,"length":25.2192
,"animation":{"dataType":3,"framePerSecond":30,"keys":[
{"frame":1,"values":[0.9763,-0.2156,-0.0202,0,0.1953,0.9172,-0.3474,0,0.0934,0.3352,0.9375,0,-0.0001,13.9349,0.0039,1]},
{"frame":2,"values":[0.9763,-0.2156,-0.0202,0,0.1953,0.9172,-0.3474,0,0.0934,0.3352,0.9375,0,-0.0001,13.9349,0.0039,1]},
{"frame":11,"values":[0.9979,-0.0643,0.0001,0,0.0569,0.8826,-0.4667,0,0.0299,0.4657,0.8844,0,-0.0001,13.9348,0.0038,1]},
{"frame":12,"values":[0.9979,-0.0643,0.0001,0,0.0569,0.8826,-0.4667,0,0.0299,0.4657,0.8844,0,-0.0001,13.9348,0.0038,1]}],"loopBehavior":1,"name":"anim","property":"_matrix"}},
{"name":"RightForeArm","index":33,"matrix":[0.9183,0,-0.396,0,0,1,0,0,0.396,0,0.9183,0,-0.0001,25.2195,0.007,1],"rest":[0.8844,-0.2813,-0.3725,0,0.259,0.9596,-0.1097,0,0.3883,0.0005,0.9215,0,-0.0002,25.2192,0.0071,1],"parentBoneIndex":32,"length":25.2342
,"animation":{"dataType":3,"framePerSecond":30,"keys":[
{"frame":1,"values":[0.9133,-0.1306,-0.3857,0,0.12,0.9914,-0.0514,0,0.3891,0.0007,0.9212,0,-0.0004,25.2193,0.007,1]},
{"frame":2,"values":[0.9133,-0.1306,-0.3857,0,0.12,0.9914,-0.0514,0,0.3891,0.0007,0.9212,0,-0.0004,25.2193,0.007,1]},
{"frame":11,"values":[0.9183,0,-0.396,0,0,1,0,0,0.396,0,0.9183,0,-0.0001,25.2195,0.007,1]},
{"frame":12,"values":[0.9183,0,-0.396,0,0,1,0,0,0.396,0,0.9183,0,-0.0001,25.2195,0.007,1]}],"loopBehavior":1,"name":"anim","property":"_matrix"}},
{"name":"RightHand","index":34,"matrix":[0.7559,0.1078,0.6458,0,-0.0857,0.9942,-0.0657,0,-0.6491,-0.0057,0.7607,0,-0.0028,25.234,0.0061,1],"rest":[0.7091,0,0.7052,0,-0.0678,0.9954,0.0682,0,-0.7019,-0.0961,0.7058,0,-0.0028,25.2342,0.0061,1],"parentBoneIndex":33,"length":15.736
,"animation":{"dataType":3,"framePerSecond":30,"keys":[
{"frame":1,"values":[0.7226,-0.1371,0.6776,0,-0.1486,0.9264,0.3459,0,-0.6751,-0.3507,0.649,0,-0.003,25.234,0.0064,1]},
{"frame":2,"values":[0.7226,-0.1371,0.6776,0,-0.1486,0.9264,0.3459,0,-0.6751,-0.3507,0.649,0,-0.003,25.234,0.0064,1]},
{"frame":11,"values":[0.7559,0.1078,0.6458,0,-0.0857,0.9942,-0.0657,0,-0.6491,-0.0057,0.7607,0,-0.0028,25.234,0.0061,1]},
{"frame":12,"values":[0.7559,0.1078,0.6458,0,-0.0857,0.9942,-0.0657,0,-0.6491,-0.0057,0.7607,0,-0.0028,25.234,0.0061,1]}],"loopBehavior":1,"name":"anim","property":"_matrix"}},
{"name":"RightHandThumb1","index":35,"matrix":[0.6824,-0.2807,-0.675,0,-0.6132,-0.7224,-0.3196,0,-0.3979,0.632,-0.6651,0,5.8334,4.8733,3.2779,1],"rest":[0.6462,-0.3211,-0.6923,0,-0.7096,-0.5866,-0.3903,0,-0.2808,0.7435,-0.607,0,5.8334,4.8733,3.2777,1],"parentBoneIndex":34,"length":4.1291
,"animation":{"dataType":3,"framePerSecond":30,"keys":[
{"frame":1,"values":[0.5659,-0.4093,-0.7157,0,-0.6439,-0.7615,-0.0737,0,-0.5149,0.5026,-0.6945,0,5.8334,4.8733,3.2777,1]},
{"frame":2,"values":[0.5659,-0.4093,-0.7157,0,-0.6439,-0.7615,-0.0737,0,-0.5149,0.5026,-0.6945,0,5.8334,4.8733,3.2777,1]},
{"frame":11,"values":[0.6824,-0.2807,-0.675,0,-0.6132,-0.7224,-0.3196,0,-0.3979,0.632,-0.6651,0,5.8334,4.8733,3.2779,1]},
{"frame":12,"values":[0.6824,-0.2807,-0.675,0,-0.6132,-0.7224,-0.3196,0,-0.3979,0.632,-0.6651,0,5.8334,4.8733,3.2779,1]}],"loopBehavior":1,"name":"anim","property":"_matrix"}},
{"name":"RightHandThumb2","index":36,"matrix":[0.996,0.0034,-0.0897,0,-0.0024,0.9999,0.0111,0,0.0898,-0.0109,0.9959,0,0.115,-4.1275,-0.0143,1],"rest":[0.965,-0.239,-0.1082,0,0.2521,0.959,0.1295,0,0.0728,-0.1522,0.9857,0,0.115,-4.1275,-0.0143,1],"parentBoneIndex":35,"length":6.2977
,"animation":{"dataType":3,"framePerSecond":30,"keys":[
{"frame":1,"values":[0.9362,-0.3322,-0.115,0,0.3301,0.9432,-0.0374,0,0.1209,-0.0029,0.9927,0,0.1149,-4.1275,-0.0143,1]},
{"frame":2,"values":[0.9362,-0.3322,-0.115,0,0.3301,0.9432,-0.0374,0,0.1209,-0.0029,0.9927,0,0.1149,-4.1275,-0.0143,1]},
{"frame":11,"values":[0.996,0.0034,-0.0897,0,-0.0024,0.9999,0.0111,0,0.0898,-0.0109,0.9959,0,0.115,-4.1275,-0.0143,1]},
{"frame":12,"values":[0.996,0.0034,-0.0897,0,-0.0024,0.9999,0.0111,0,0.0898,-0.0109,0.9959,0,0.115,-4.1275,-0.0143,1]}],"loopBehavior":1,"name":"anim","property":"_matrix"}},
{"name":"RightHandThumb3","index":37,"matrix":[0.9998,0.0193,-0.0072,0,-0.0194,0.9997,-0.0138,0,0.0069,0.014,0.9999,0,0.1551,-6.2956,0.0624,1],"rest":[0.9814,-0.1918,-0.0104,0,0.1921,0.9808,0.034,0,0.0037,-0.0354,0.9994,0,0.155,-6.2954,0.0625,1],"parentBoneIndex":36,"length":5.2883
,"animation":{"dataType":3,"framePerSecond":30,"keys":[
{"frame":1,"values":[0.9819,-0.189,-0.0105,0,0.1871,0.9777,-0.0958,0,0.0284,0.0921,0.9953,0,0.1551,-6.2955,0.0624,1]},
{"frame":2,"values":[0.9819,-0.189,-0.0105,0,0.1871,0.9777,-0.0958,0,0.0284,0.0921,0.9953,0,0.1551,-6.2955,0.0624,1]},
{"frame":11,"values":[0.9998,0.0193,-0.0072,0,-0.0194,0.9997,-0.0138,0,0.0069,0.014,0.9999,0,0.1551,-6.2956,0.0624,1]},
{"frame":12,"values":[0.9998,0.0193,-0.0072,0,-0.0194,0.9997,-0.0138,0,0.0069,0.014,0.9999,0,0.1551,-6.2956,0.0624,1]}],"loopBehavior":1,"name":"anim","property":"_matrix"}},
{"name":"RightHandThumb4","index":38,"matrix":[0.7524,0.1194,-0.6478,0,-0.0909,0.9928,0.0775,0,0.6524,0.0006,0.7579,0,0.0277,-5.2881,-0.0206,1],"rest":[0.7524,0.1195,-0.6478,0,-0.0909,0.9928,0.0775,0,0.6524,0.0006,0.7579,0,0.0278,-5.2882,-0.0204,1],"parentBoneIndex":37,"length":5.2883
,"animation":{"dataType":3,"framePerSecond":30,"keys":[
{"frame":1,"values":[0.7524,0.1194,-0.6478,0,-0.0909,0.9928,0.0775,0,0.6524,0.0006,0.7579,0,0.0277,-5.2881,-0.0206,1]},
{"frame":2,"values":[0.7524,0.1194,-0.6478,0,-0.0909,0.9928,0.0775,0,0.6524,0.0006,0.7579,0,0.0277,-5.2881,-0.0206,1]},
{"frame":11,"values":[0.7524,0.1194,-0.6478,0,-0.0909,0.9928,0.0775,0,0.6524,0.0006,0.7579,0,0.0277,-5.2881,-0.0206,1]},
{"frame":12,"values":[0.7524,0.1194,-0.6478,0,-0.0909,0.9928,0.0775,0,0.6524,0.0006,0.7579,0,0.0277,-5.2881,-0.0206,1]}],"loopBehavior":1,"name":"anim","property":"_matrix"}},
{"name":"RightHandIndex1","index":39,"matrix":[0.9966,-0.082,-0.001,0,-0.082,-0.9966,0.0057,0,-0.0015,-0.0056,-1,0,6.5551,16.548,-0.6345,1],"rest":[0.992,-0.1261,0,0,-0.1237,-0.9728,-0.1957,0,0.0247,0.1941,-0.9807,0,6.555,16.548,-0.6346,1],"parentBoneIndex":34,"length":5.0015
,"animation":{"dataType":3,"framePerSecond":30,"keys":[
{"frame":1,"values":[0.9996,-0.0224,0.0194,0,-0.019,-0.9864,-0.1632,0,0.0228,0.1628,-0.9864,0,6.5551,16.5481,-0.6346,1]},
{"frame":2,"values":[0.9996,-0.0224,0.0194,0,-0.019,-0.9864,-0.1632,0,0.0228,0.1628,-0.9864,0,6.5551,16.5481,-0.6346,1]},
{"frame":11,"values":[0.9966,-0.082,-0.001,0,-0.082,-0.9966,0.0057,0,-0.0015,-0.0056,-1,0,6.5551,16.548,-0.6345,1]},
{"frame":12,"values":[0.9966,-0.082,-0.001,0,-0.082,-0.9966,0.0057,0,-0.0015,-0.0056,-1,0,6.5551,16.548,-0.6345,1]}],"loopBehavior":1,"name":"anim","property":"_matrix"}},
{"name":"RightHandIndex2","index":40,"matrix":[0.9961,0.0153,0.0869,0,-0.015,0.9999,-0.0045,0,-0.087,0.0032,0.9962,0,0.1299,-4.9997,-0.0012,1],"rest":[0.9964,0.0112,0.0837,0,-0.0319,0.9678,0.2496,0,-0.0782,-0.2514,0.9647,0,0.13,-4.9998,-0.0011,1],"parentBoneIndex":39,"length":4.115
,"animation":{"dataType":3,"framePerSecond":30,"keys":[
{"frame":1,"values":[0.9966,-0.0428,0.07,0,0.0247,0.97,0.2418,0,-0.0783,-0.2392,0.9678,0,0.13,-4.9996,-0.0013,1]},
{"frame":2,"values":[0.9966,-0.0428,0.07,0,0.0247,0.97,0.2418,0,-0.0783,-0.2392,0.9678,0,0.13,-4.9996,-0.0013,1]},
{"frame":11,"values":[0.9961,0.0153,0.0869,0,-0.015,0.9999,-0.0045,0,-0.087,0.0032,0.9962,0,0.1299,-4.9997,-0.0012,1]},
{"frame":12,"values":[0.9961,0.0153,0.0869,0,-0.015,0.9999,-0.0045,0,-0.087,0.0032,0.9962,0,0.1299,-4.9997,-0.0012,1]}],"loopBehavior":1,"name":"anim","property":"_matrix"}},
{"name":"RightHandIndex3","index":41,"matrix":[0.9989,0.0122,-0.0443,0,-0.0114,0.9998,0.0166,0,0.0445,-0.016,0.9989,0,0.0433,-4.1149,-0.0233,1],"rest":[0.9987,0.0272,-0.042,0,-0.0153,0.9654,0.2603,0,0.0476,-0.2593,0.9646,0,0.0431,-4.1147,-0.0233,1],"parentBoneIndex":40,"length":5.6968
,"animation":{"dataType":3,"framePerSecond":30,"keys":[
{"frame":1,"values":[0.9987,0.0274,-0.0419,0,-0.0172,0.9738,0.2269,0,0.0471,-0.2259,0.973,0,0.0431,-4.1149,-0.0231,1]},
{"frame":2,"values":[0.9987,0.0274,-0.0419,0,-0.0172,0.9738,0.2269,0,0.0471,-0.2259,0.973,0,0.0431,-4.1149,-0.0231,1]},
{"frame":11,"values":[0.9989,0.0122,-0.0443,0,-0.0114,0.9998,0.0166,0,0.0445,-0.016,0.9989,0,0.0433,-4.1149,-0.0233,1]},
{"frame":12,"values":[0.9989,0.0122,-0.0443,0,-0.0114,0.9998,0.0166,0,0.0445,-0.016,0.9989,0,0.0433,-4.1149,-0.0233,1]}],"loopBehavior":1,"name":"anim","property":"_matrix"}},
{"name":"RightHandIndex4","index":42,"matrix":[0.9976,-0.0664,-0.0197,0,0.0662,0.9977,-0.0121,0,0.0204,0.0107,0.9997,0,-0.008,-5.6964,0.0618,1],"rest":[0.9976,-0.0664,-0.0197,0,0.0662,0.9977,-0.0121,0,0.0204,0.0107,0.9997,0,-0.0079,-5.6965,0.0618,1],"parentBoneIndex":41,"length":5.6968
,"animation":{"dataType":3,"framePerSecond":30,"keys":[
{"frame":1,"values":[0.9976,-0.0664,-0.0197,0,0.0662,0.9977,-0.0121,0,0.0204,0.0107,0.9997,0,-0.008,-5.6964,0.0618,1]},
{"frame":2,"values":[0.9976,-0.0664,-0.0197,0,0.0662,0.9977,-0.0121,0,0.0204,0.0107,0.9997,0,-0.008,-5.6964,0.0618,1]},
{"frame":11,"values":[0.9976,-0.0664,-0.0197,0,0.0662,0.9977,-0.0121,0,0.0204,0.0107,0.9997,0,-0.008,-5.6964,0.0618,1]},
{"frame":12,"values":[0.9976,-0.0664,-0.0197,0,0.0662,0.9977,-0.0121,0,0.0204,0.0107,0.9997,0,-0.008,-5.6964,0.0618,1]}],"loopBehavior":1,"name":"anim","property":"_matrix"}},
{"name":"RightHandMiddle1","index":43,"matrix":[0.9566,-0.0979,-0.2744,0,-0.1001,-0.995,0.0061,0,-0.2736,0.0216,-0.9616,0,1.8933,17.4486,-0.0956,1],"rest":[0.9685,0.0621,-0.241,0,-0.0329,-0.928,-0.371,0,-0.2467,0.3673,-0.8968,0,1.8933,17.4485,-0.0957,1],"parentBoneIndex":34,"length":4.9318
,"animation":{"dataType":3,"framePerSecond":30,"keys":[
{"frame":1,"values":[0.9566,-0.0979,-0.2744,0,-0.1001,-0.995,0.0061,0,-0.2736,0.0216,-0.9616,0,1.8933,17.4485,-0.0956,1]},
{"frame":2,"values":[0.9566,-0.0979,-0.2744,0,-0.1001,-0.995,0.0061,0,-0.2736,0.0216,-0.9616,0,1.8933,17.4485,-0.0956,1]},
{"frame":11,"values":[0.9566,-0.0979,-0.2744,0,-0.1001,-0.995,0.0061,0,-0.2736,0.0216,-0.9616,0,1.8933,17.4486,-0.0956,1]},
{"frame":12,"values":[0.9566,-0.0979,-0.2744,0,-0.1001,-0.995,0.0061,0,-0.2736,0.0216,-0.9616,0,1.8933,17.4486,-0.0956,1]}],"loopBehavior":1,"name":"anim","property":"_matrix"}},
{"name":"RightHandMiddle2","index":44,"matrix":[0.9532,-0.016,0.302,0,0.0261,0.9992,-0.0292,0,-0.3013,0.0357,0.9529,0,0.0361,-4.9317,-0.0136,1],"rest":[0.9532,-0.1396,0.2681,0,0.0363,0.9333,0.3573,0,-0.3001,-0.3309,0.8947,0,0.036,-4.9316,-0.0135,1],"parentBoneIndex":43,"length":3.8856
,"animation":{"dataType":3,"framePerSecond":30,"keys":[
{"frame":1,"values":[0.9532,-0.016,0.302,0,0.0261,0.9992,-0.0292,0,-0.3013,0.0357,0.9529,0,0.0361,-4.9317,-0.0136,1]},
{"frame":2,"values":[0.9532,-0.016,0.302,0,0.0261,0.9992,-0.0292,0,-0.3013,0.0357,0.9529,0,0.0361,-4.9317,-0.0136,1]},
{"frame":11,"values":[0.9532,-0.016,0.302,0,0.0261,0.9992,-0.0292,0,-0.3013,0.0357,0.9529,0,0.0361,-4.9317,-0.0136,1]},
{"frame":12,"values":[0.9532,-0.016,0.302,0,0.0261,0.9992,-0.0292,0,-0.3013,0.0357,0.9529,0,0.0361,-4.9317,-0.0136,1]}],"loopBehavior":1,"name":"anim","property":"_matrix"}},
{"name":"RightHandMiddle3","index":45,"matrix":[0.9812,0.0364,-0.1893,0,-0.0317,0.9991,0.0281,0,0.1902,-0.0215,0.9815,0,0.0863,-3.8814,-0.1574,1],"rest":[0.9781,0.1167,-0.1723,0,-0.0585,0.9487,0.3107,0,0.1997,-0.2938,0.9348,0,0.0862,-3.8814,-0.1575,1],"parentBoneIndex":44,"length":5.3506
,"animation":{"dataType":3,"framePerSecond":30,"keys":[
{"frame":1,"values":[0.9812,0.0364,-0.1893,0,-0.0317,0.9991,0.0281,0,0.1902,-0.0215,0.9815,0,0.0862,-3.8814,-0.1574,1]},
{"frame":2,"values":[0.9812,0.0364,-0.1893,0,-0.0317,0.9991,0.0281,0,0.1902,-0.0215,0.9815,0,0.0862,-3.8814,-0.1574,1]},
{"frame":11,"values":[0.9812,0.0364,-0.1893,0,-0.0317,0.9991,0.0281,0,0.1902,-0.0215,0.9815,0,0.0863,-3.8814,-0.1574,1]},
{"frame":12,"values":[0.9812,0.0364,-0.1893,0,-0.0317,0.9991,0.0281,0,0.1902,-0.0215,0.9815,0,0.0863,-3.8814,-0.1574,1]}],"loopBehavior":1,"name":"anim","property":"_matrix"}},
{"name":"RightHandMiddle4","index":46,"matrix":[0.8794,-0.1682,-0.4455,0,0.1571,0.9856,-0.062,0,0.4495,-0.0154,0.8931,0,-0.0372,-5.3499,-0.0751,1],"rest":[0.8794,-0.1682,-0.4455,0,0.1571,0.9856,-0.062,0,0.4495,-0.0154,0.8931,0,-0.0371,-5.35,-0.0751,1],"parentBoneIndex":45,"length":5.3506
,"animation":{"dataType":3,"framePerSecond":30,"keys":[
{"frame":1,"values":[0.8794,-0.1682,-0.4455,0,0.1571,0.9856,-0.062,0,0.4495,-0.0154,0.8931,0,-0.0372,-5.3499,-0.0751,1]},
{"frame":2,"values":[0.8794,-0.1682,-0.4455,0,0.1571,0.9856,-0.062,0,0.4495,-0.0154,0.8931,0,-0.0372,-5.3499,-0.0751,1]},
