{"producer":{"name":"Blender","version":"2.78 (sub 0)","exporter_version":"4.6.1","file":"goblin.babylon"},
"autoClear":true,"clearColor":[0.0509,0.0509,0.0509],"ambientColor":[0,0,0],"gravity":[0,-9.81,0],
"materials":[{"name":"goblin.phong1","id":"goblin.phong1","ambient":[1,1,1],"diffuse":[0.8,0.8,0.8],"specular":[0.25,0.25,0.25],"emissive":[0,0,0],"specularPower":103,"alpha":1,"backFaceCulling":true,"checkReadyOnlyOnce":false, 
"diffuseTexture":{"name":"goblin_diffuse.png","level":1,"hasAlpha":1,"coordinatesMode":0,"uOffset":0,"vOffset":0,"uScale":1,"vScale":1,"uAng":0,"vAng":0,"wAng":0,"wrapU":1,"wrapV":1,"coordinatesIndex":0}, 
"bumpTexture":{"name":"goblin_normal.png","level":2.8568,"hasAlpha":1,"coordinatesMode":0,"uOffset":0,"vOffset":0,"uScale":1,"vScale":1,"uAng":0,"vAng":0,"wAng":0,"wrapU":1,"wrapV":1,"coordinatesIndex":0}, 
"specularTexture":{"name":"goblin_specular.png","level":1,"hasAlpha":1,"coordinatesMode":0,"uOffset":0,"vOffset":0,"uScale":1,"vScale":1,"uAng":0,"vAng":0,"wAng":0,"wrapU":1,"wrapV":1,"coordinatesIndex":0}},
{"name":"goblin.eyes:eyes_lambert","id":"goblin.eyes:eyes_lambert","ambient":[1,1,1],"diffuse":[0.8,0.8,0.8],"specular":[0.5,0.5,0.5],"emissive":[0,0,0],"specularPower":49,"alpha":1,"backFaceCulling":true,"checkReadyOnlyOnce":false, 
"diffuseTexture":{"name":"goblin_diffuse.png","level":1,"hasAlpha":1,"coordinatesMode":0,"uOffset":0,"vOffset":0,"uScale":1,"vScale":1,"uAng":0,"vAng":0,"wAng":0,"wrapU":1,"wrapV":1,"coordinatesIndex":0}, 
"bumpTexture":{"name":"goblin_normal.png","level":2.8568,"hasAlpha":1,"coordinatesMode":0,"uOffset":0,"vOffset":0,"uScale":1,"vScale":1,"uAng":0,"vAng":0,"wAng":0,"wrapU":1,"wrapV":1,"coordinatesIndex":0}}],
"multiMaterials":[],
"skeletons":[{"name":"Armature","id":0,"dimensionsAtRest":[2.4502,0.6752,2.191],"bones":[
{"name":"Hips","index":0,"matrix":[0.01,0,0,0,0,0.01,0,0,0,0,-0.01,0,0.0007,1.004,0.0093,1],"rest":[0.01,0,0,0,0,0.01,0,0,0,0,-0.01,0,0.0006,1.0048,0.0052,1],"parentBoneIndex":-1,"length":15.444
,"animation":{"dataType":3,"framePerSecond":30,"keys":[
{"frame":1,"values":[0.01,0,0,0,0,0.01,0,0,0,0,-0.01,0,0.0007,1.004,0.0093,1]},
{"frame":2,"values":[0.01,0,0,0,0,0.01,0,0,0,0,-0.01,0,0.0007,1.004,0.0093,1]}],"loopBehavior":1,"name":"anim","property":"_matrix"}},
{"name":"Spine","index":1,"matrix":[0.9997,0.0228,0,0,-0.0222,0.9729,-0.2301,0,-0.0053,0.23,0.9732,0,-0.2792,12.2307,-2.8921,1],"rest":[0.9997,0.0228,0,0,-0.0222,0.9729,-0.2301,0,-0.0053,0.23,0.9732,0,-0.2792,12.2307,-2.8922,1],"parentBoneIndex":0,"length":14.6663
,"animation":{"dataType":3,"framePerSecond":30,"keys":[
{"frame":1,"values":[0.9997,0.0228,0,0,-0.0222,0.9729,-0.2301,0,-0.0053,0.23,0.9732,0,-0.2792,12.2307,-2.8921,1]},
{"frame":2,"values":[0.9997,0.0228,0,0,-0.0222,0.9729,-0.2301,0,-0.0053,0.23,0.9732,0,-0.2792,12.2307,-2.8921,1]}],"loopBehavior":1,"name":"anim","property":"_matrix"}},
{"name":"Spine1","index":2,"matrix":[1,0,0,0,0,1,0,0,0,0,1,0,0,14.6663,0,1],"rest":[1,0,0,0,0,1,0,0,0,0,1,0,0,14.6663,0,1],"parentBoneIndex":1,"length":16.3157
,"animation":{"dataType":3,"framePerSecond":30,"keys":[
{"frame":1,"values":[1,0,0,0,0,1,0,0,0,0,1,0,0,14.6663,0,1]},
{"frame":2,"values":[1,0,0,0,0,1,0,0,0,0,1,0,0,14.6663,0,1]}],"loopBehavior":1,"name":"anim","property":"_matrix"}},
{"name":"Spine2","index":3,"matrix":[1,0,0,0,0,1,0,0,0,0,1,0,0,15.9554,3.4096,1],"rest":[1,0,0,0,0,1,0,0,0,0,1,0,0,15.9554,3.4096,1],"parentBoneIndex":2,"length":21.8865
,"animation":{"dataType":3,"framePerSecond":30,"keys":[
{"frame":1,"values":[1,0,0,0,0,1,0,0,0,0,1,0,0,15.9554,3.4096,1]},
{"frame":2,"values":[1,0,0,0,0,1,0,0,0,0,1,0,0,15.9554,3.4096,1]}],"loopBehavior":1,"name":"anim","property":"_matrix"}},
{"name":"Neck","index":4,"matrix":[0.9997,-0.0222,-0.0053,0,0.0228,0.9729,0.23,0,0,-0.2301,0.9732,0,-0.0121,15.4047,12.2907,1],"rest":[0.9997,-0.0222,-0.0053,0,0.0228,0.9729,0.23,0,0,-0.2301,0.9732,0,-0.0121,15.4047,12.2907,1],"parentBoneIndex":3,"length":7.9955
,"animation":{"dataType":3,"framePerSecond":30,"keys":[
{"frame":1,"values":[0.9997,-0.0222,-0.0053,0,0.0228,0.9729,0.23,0,0,-0.2301,0.9732,0,-0.0121,15.4047,12.2907,1]},
{"frame":2,"values":[0.9997,-0.0222,-0.0053,0,0.0228,0.9729,0.23,0,0,-0.2301,0.9732,0,-0.0121,15.4047,12.2907,1]}],"loopBehavior":1,"name":"anim","property":"_matrix"}},
{"name":"Head","index":5,"matrix":[1,0,0,0,0,1,0,0,0,0,1,0,0,7.0311,3.8068,1],"rest":[1,0,0,0,0,1,0,0,0,0,1,0,0,7.0311,3.8068,1],"parentBoneIndex":4,"length":27.855
,"animation":{"dataType":3,"framePerSecond":30,"keys":[
{"frame":1,"values":[1,0,0,0,0,1,0,0,0,0,1,0,0,7.0311,3.8068,1]},
{"frame":2,"values":[1,0,0,0,0,1,0,0,0,0,1,0,0,7.0311,3.8068,1]}],"loopBehavior":1,"name":"anim","property":"_matrix"}},
{"name":"HeadTop_End","index":6,"matrix":[1,0,0,0,0,1,0,0,0,0,1,0,0,24.6466,12.9786,1],"rest":[1,0,0,0,0,1,0,0,0,0,1,0,0,24.6466,12.9786,1],"parentBoneIndex":5,"length":27.855
,"animation":{"dataType":3,"framePerSecond":30,"keys":[
{"frame":1,"values":[1,0,0,0,0,1,0,0,0,0,1,0,0,24.6466,12.9786,1]},
{"frame":2,"values":[1,0,0,0,0,1,0,0,0,0,1,0,0,24.6466,12.9786,1]}],"loopBehavior":1,"name":"anim","property":"_matrix"}},
{"name":"LeftShoulder","index":7,"matrix":[-0.0401,-0.0095,-0.9991,0,0.9776,-0.2071,-0.0373,0,-0.2066,-0.9783,0.0176,0,17.2794,15.5064,-4.285,1],"rest":[-0.0401,-0.0095,-0.9991,0,0.9776,-0.2071,-0.0373,0,-0.2066,-0.9783,0.0176,0,17.2795,15.5064,-4.2851,1],"parentBoneIndex":3,"length":9.7168
,"animation":{"dataType":3,"framePerSecond":30,"keys":[
{"frame":1,"values":[-0.0401,-0.0095,-0.9991,0,0.9776,-0.2071,-0.0373,0,-0.2066,-0.9783,0.0176,0,17.2794,15.5064,-4.285,1]},
{"frame":2,"values":[-0.0401,-0.0095,-0.9991,0,0.9776,-0.2071,-0.0373,0,-0.2066,-0.9783,0.0176,0,17.2794,15.5064,-4.285,1]}],"loopBehavior":1,"name":"anim","property":"_matrix"}},
{"name":"LeftArm","index":8,"matrix":[0.5666,-0.1331,-0.8132,0,-0.0347,0.9821,-0.1849,0,0.8233,0.133,0.5519,0,0.1414,9.6668,0.9748,1],"rest":[0.5666,-0.1331,-0.8132,0,-0.0347,0.9821,-0.1849,0,0.8233,0.133,0.5519,0,0.1412,9.6667,0.9747,1],"parentBoneIndex":7,"length":29.9723
,"animation":{"dataType":3,"framePerSecond":30,"keys":[
{"frame":1,"values":[0.5666,-0.1331,-0.8132,0,-0.0347,0.9821,-0.1849,0,0.8233,0.133,0.5519,0,0.1414,9.6668,0.9748,1]},
{"frame":2,"values":[0.5666,-0.1331,-0.8132,0,-0.0347,0.9821,-0.1849,0,0.8233,0.133,0.5519,0,0.1414,9.6668,0.9748,1]}],"loopBehavior":1,"name":"anim","property":"_matrix"}},
{"name":"LeftForeArm","index":9,"matrix":[0.912,0,0.4102,0,0,1,0,0,-0.4102,0,0.912,0,0,29.9723,0,1],"rest":[0.912,0,0.4102,0,0,1,0,0,-0.4102,0,0.912,0,0,29.9723,0,1],"parentBoneIndex":8,"length":26.0265
,"animation":{"dataType":3,"framePerSecond":30,"keys":[
{"frame":1,"values":[0.912,0,0.4102,0,0,1,0,0,-0.4102,0,0.912,0,0,29.9723,0,1]},
{"frame":2,"values":[0.912,0,0.4102,0,0,1,0,0,-0.4102,0,0.912,0,0,29.9723,0,1]}],"loopBehavior":1,"name":"anim","property":"_matrix"}},
{"name":"LeftHand","index":10,"matrix":[0.9506,-0.2003,0.237,0,0.1958,0.9797,0.0425,0,-0.2407,0.006,0.9706,0,0,26.0265,0,1],"rest":[0.9499,-0.2003,0.2401,0,0.1957,0.9797,0.0431,0,-0.2439,0.006,0.9698,0,0,26.0265,0,1],"parentBoneIndex":9,"length":22.5034
,"animation":{"dataType":3,"framePerSecond":30,"keys":[
{"frame":1,"values":[0.9506,-0.2003,0.237,0,0.1958,0.9797,0.0425,0,-0.2407,0.006,0.9706,0,0,26.0265,0,1]},
{"frame":2,"values":[0.9506,-0.2003,0.237,0,0.1958,0.9797,0.0425,0,-0.2407,0.006,0.9706,0,0,26.0265,0,1]}],"loopBehavior":1,"name":"anim","property":"_matrix"}},
{"name":"LeftHandThumb1","index":11,"matrix":[0.7382,0.6561,0.157,0,0.6328,-0.593,-0.4979,0,-0.2336,0.4669,-0.8529,0,-11.8662,10.0273,6.659,1],"rest":[0.7391,0.6551,0.1564,0,0.6314,-0.5932,-0.4994,0,-0.2344,0.4679,-0.8521,0,-11.8663,10.0273,6.659,1],"parentBoneIndex":10,"length":5.3428
,"animation":{"dataType":3,"framePerSecond":30,"keys":[
{"frame":1,"values":[0.7382,0.6561,0.157,0,0.6328,-0.593,-0.4979,0,-0.2336,0.4669,-0.8529,0,-11.8662,10.0273,6.659,1]},
{"frame":2,"values":[0.7382,0.6561,0.157,0,0.6328,-0.593,-0.4979,0,-0.2336,0.4669,-0.8529,0,-11.8662,10.0273,6.659,1]}],"loopBehavior":1,"name":"anim","property":"_matrix"}},
{"name":"LeftHandThumb2","index":12,"matrix":[0.9997,0.0187,-0.0175,0,-0.0216,0.9823,-0.186,0,0.0137,0.1863,0.9824,0,0.237,-5.3153,0.4881,1],"rest":[0.9997,0.0187,-0.0175,0,-0.0216,0.9823,-0.186,0,0.0137,0.1863,0.9824,0,0.237,-5.3152,0.4881,1],"parentBoneIndex":11,"length":3.5205
,"animation":{"dataType":3,"framePerSecond":30,"keys":[
{"frame":1,"values":[0.9997,0.0187,-0.0175,0,-0.0216,0.9823,-0.186,0,0.0137,0.1863,0.9824,0,0.237,-5.3153,0.4881,1]},
{"frame":2,"values":[0.9997,0.0187,-0.0175,0,-0.0216,0.9823,-0.186,0,0.0137,0.1863,0.9824,0,0.237,-5.3153,0.4881,1]}],"loopBehavior":1,"name":"anim","property":"_matrix"}},
{"name":"LeftHandThumb3","index":13,"matrix":[0.9991,0.0191,0.0377,0,-0.0218,0.9971,0.0731,0,-0.0362,-0.0738,0.9966,0,0.085,-3.5035,-0.3344,1],"rest":[0.9991,0.0191,0.0377,0,-0.0218,0.9971,0.0731,0,-0.0362,-0.0738,0.9966,0,0.085,-3.5035,-0.3343,1],"parentBoneIndex":12,"length":5.0879
,"animation":{"dataType":3,"framePerSecond":30,"keys":[
{"frame":1,"values":[0.9991,0.0191,0.0377,0,-0.0218,0.9971,0.0731,0,-0.0362,-0.0738,0.9966,0,0.085,-3.5035,-0.3344,1]},
{"frame":2,"values":[0.9991,0.0191,0.0377,0,-0.0218,0.9971,0.0731,0,-0.0362,-0.0738,0.9966,0,0.085,-3.5035,-0.3344,1]}],"loopBehavior":1,"name":"anim","property":"_matrix"}},
{"name":"LeftHandThumb4","index":14,"matrix":[0.969,0.2416,-0.0508,0,-0.2255,0.95,0.216,0,0.1004,-0.1979,0.9751,0,0.0078,-5.0865,-0.1123,1],"rest":[0.969,0.2416,-0.0508,0,-0.2255,0.95,0.216,0,0.1004,-0.1979,0.9751,0,0.0079,-5.0867,-0.1125,1],"parentBoneIndex":13,"length":5.0879
,"animation":{"dataType":3,"framePerSecond":30,"keys":[
{"frame":1,"values":[0.969,0.2416,-0.0508,0,-0.2255,0.95,0.216,0,0.1004,-0.1979,0.9751,0,0.0078,-5.0865,-0.1123,1]},
{"frame":2,"values":[0.969,0.2416,-0.0508,0,-0.2255,0.95,0.216,0,0.1004,-0.1979,0.9751,0,0.0078,-5.0865,-0.1123,1]}],"loopBehavior":1,"name":"anim","property":"_matrix"}},
{"name":"LeftHandIndex1","index":15,"matrix":[0.9826,0.1857,0.0099,0,0.1859,-0.9823,-0.0224,0,0.0056,0.0239,-0.9997,0,-10.828,22.7059,1.7739,1],"rest":[0.9826,0.1857,0.0099,0,0.1859,-0.9823,-0.0224,0,0.0056,0.0239,-0.9997,0,-10.8279,22.7059,1.7738,1],"parentBoneIndex":10,"length":6.4267
,"animation":{"dataType":3,"framePerSecond":30,"keys":[
{"frame":1,"values":[0.9826,0.1857,0.0099,0,0.1859,-0.9823,-0.0224,0,0.0056,0.0239,-0.9997,0,-10.828,22.7059,1.7739,1]},
{"frame":2,"values":[0.9826,0.1857,0.0099,0,0.1859,-0.9823,-0.0224,0,0.0056,0.0239,-0.9997,0,-10.828,22.7059,1.7739,1]}],"loopBehavior":1,"name":"anim","property":"_matrix"}},
{"name":"LeftHandIndex2","index":16,"matrix":[0.9997,-0.0209,-0.0117,0,0.0207,0.9996,-0.0188,0,0.012,0.0185,0.9998,0,-0.095,-6.4251,0.1044,1],"rest":[0.9997,-0.0209,-0.0117,0,0.0207,0.9996,-0.0188,0,0.012,0.0185,0.9998,0,-0.095,-6.4252,0.1043,1],"parentBoneIndex":15,"length":5.3378
,"animation":{"dataType":3,"framePerSecond":30,"keys":[
{"frame":1,"values":[0.9997,-0.0209,-0.0117,0,0.0207,0.9996,-0.0188,0,0.012,0.0185,0.9998,0,-0.095,-6.4251,0.1044,1]},
{"frame":2,"values":[0.9997,-0.0209,-0.0117,0,0.0207,0.9996,-0.0188,0,0.012,0.0185,0.9998,0,-0.095,-6.4251,0.1044,1]}],"loopBehavior":1,"name":"anim","property":"_matrix"}},
{"name":"LeftHandIndex3","index":17,"matrix":[0.9978,-0.0151,-0.0644,0,0.0165,0.9996,0.0211,0,0.0641,-0.0221,0.9977,0,0.0317,-5.3378,-0.0132,1],"rest":[0.9978,-0.0151,-0.0644,0,0.0165,0.9996,0.0211,0,0.0641,-0.0221,0.9977,0,0.0317,-5.3377,-0.0132,1],"parentBoneIndex":16,"length":4.4094
,"animation":{"dataType":3,"framePerSecond":30,"keys":[
{"frame":1,"values":[0.9978,-0.0151,-0.0644,0,0.0165,0.9996,0.0211,0,0.0641,-0.0221,0.9977,0,0.0317,-5.3378,-0.0132,1]},
{"frame":2,"values":[0.9978,-0.0151,-0.0644,0,0.0165,0.9996,0.0211,0,0.0641,-0.0221,0.9977,0,0.0317,-5.3378,-0.0132,1]}],"loopBehavior":1,"name":"anim","property":"_matrix"}},
{"name":"LeftHandIndex4","index":18,"matrix":[0.9965,0.0835,-0.0083,0,-0.0829,0.964,-0.2525,0,-0.0131,0.2523,0.9675,0,0.0933,-4.4075,0.0884,1],"rest":[0.9965,0.0835,-0.0083,0,-0.0829,0.964,-0.2525,0,-0.0131,0.2523,0.9675,0,0.0932,-4.4075,0.0883,1],"parentBoneIndex":17,"length":4.4094
,"animation":{"dataType":3,"framePerSecond":30,"keys":[
{"frame":1,"values":[0.9965,0.0835,-0.0083,0,-0.0829,0.964,-0.2525,0,-0.0131,0.2523,0.9675,0,0.0933,-4.4075,0.0884,1]},
{"frame":2,"values":[0.9965,0.0835,-0.0083,0,-0.0829,0.964,-0.2525,0,-0.0131,0.2523,0.9675,0,0.0933,-4.4075,0.0884,1]}],"loopBehavior":1,"name":"anim","property":"_matrix"}},
{"name":"LeftHandMiddle1","index":19,"matrix":[0.9751,0.2214,0.0097,0,0.2215,-0.9751,-0.0058,0,0.0082,0.0078,-0.9999,0,-4.7682,23.3274,0.1438,1],"rest":[0.9751,0.2214,0.0097,0,0.2215,-0.9751,-0.0058,0,0.0082,0.0078,-0.9999,0,-4.7682,23.3273,0.1438,1],"parentBoneIndex":10,"length":7.1765
,"animation":{"dataType":3,"framePerSecond":30,"keys":[
{"frame":1,"values":[0.9751,0.2214,0.0097,0,0.2215,-0.9751,-0.0058,0,0.0082,0.0078,-0.9999,0,-4.7682,23.3274,0.1438,1]},
{"frame":2,"values":[0.9751,0.2214,0.0097,0,0.2215,-0.9751,-0.0058,0,0.0082,0.0078,-0.9999,0,-4.7682,23.3274,0.1438,1]}],"loopBehavior":1,"name":"anim","property":"_matrix"}},
{"name":"LeftHandMiddle2","index":20,"matrix":[0.9989,0.046,-0.0004,0,-0.046,0.9989,0,0,0.0004,0,1,0,0.1559,-7.1748,0,1],"rest":[0.9989,0.046,-0.0004,0,-0.046,0.9989,0,0,0.0004,0,1,0,0.1559,-7.1748,0,1],"parentBoneIndex":19,"length":6.7749
,"animation":{"dataType":3,"framePerSecond":30,"keys":[
{"frame":1,"values":[0.9989,0.046,-0.0004,0,-0.046,0.9989,0,0,0.0004,0,1,0,0.1559,-7.1748,0,1]},
{"frame":2,"values":[0.9989,0.046,-0.0004,0,-0.046,0.9989,0,0,0.0004,0,1,0,0.1559,-7.1748,0,1]}],"loopBehavior":1,"name":"anim","property":"_matrix"}},
{"name":"LeftHandMiddle3","index":21,"matrix":[0.9997,-0.0138,0.0222,0,0.0141,0.9998,-0.0132,0,-0.022,0.0135,0.9997,0,-0.1646,-6.7728,0,1],"rest":[0.9998,0.0002,0.0223,0,0,1,-0.0074,0,-0.0223,0.0074,0.9997,0,-0.1646,-6.7729,0,1],"parentBoneIndex":20,"length":5.4033
,"animation":{"dataType":3,"framePerSecond":30,"keys":[
{"frame":1,"values":[0.9997,-0.0138,0.0222,0,0.0141,0.9998,-0.0132,0,-0.022,0.0135,0.9997,0,-0.1646,-6.7728,0,1]},
{"frame":2,"values":[0.9997,-0.0138,0.0222,0,0.0141,0.9998,-0.0132,0,-0.022,0.0135,0.9997,0,-0.1646,-6.7728,0,1]}],"loopBehavior":1,"name":"anim","property":"_matrix"}},
{"name":"LeftHandMiddle4","index":22,"matrix":[0.9998,0,-0.0223,0,-0.0032,0.9895,-0.1443,0,0.0221,0.1444,0.9893,0,-0.0566,-5.4026,-0.07,1],"rest":[0.9998,0,-0.0223,0,-0.0032,0.9895,-0.1443,0,0.0221,0.1444,0.9893,0,-0.0566,-5.4026,-0.07,1],"parentBoneIndex":21,"length":5.4033
,"animation":{"dataType":3,"framePerSecond":30,"keys":[
{"frame":1,"values":[0.9998,0,-0.0223,0,-0.0032,0.9895,-0.1443,0,0.0221,0.1444,0.9893,0,-0.0566,-5.4026,-0.07,1]},
{"frame":2,"values":[0.9998,0,-0.0223,0,-0.0032,0.9895,-0.1443,0,0.0221,0.1444,0.9893,0,-0.0566,-5.4026,-0.07,1]}],"loopBehavior":1,"name":"anim","property":"_matrix"}},
{"name":"LeftHandRing1","index":23,"matrix":[0.9784,0.2058,0.017,0,0.2059,-0.9786,-0.0059,0,0.0154,0.0093,-0.9998,0,1.2527,23.6303,1.3358,1],"rest":[0.9785,0.2058,0.017,0,0.2059,-0.9786,-0.0059,0,0.0154,0.0093,-0.9998,0,1.2528,23.6302,1.3359,1],"parentBoneIndex":10,"length":6.3377
,"animation":{"dataType":3,"framePerSecond":30,"keys":[
{"frame":1,"values":[0.9784,0.2058,0.017,0,0.2059,-0.9786,-0.0059,0,0.0154,0.0093,-0.9998,0,1.2527,23.6303,1.3358,1]},
{"frame":2,"values":[0.9784,0.2058,0.017,0,0.2059,-0.9786,-0.0059,0,0.0154,0.0093,-0.9998,0,1.2527,23.6303,1.3358,1]}],"loopBehavior":1,"name":"anim","property":"_matrix"}},
{"name":"LeftHandRing2","index":24,"matrix":[0.9999,0.0099,0.0034,0,-0.0099,1,0,0,-0.0034,0,1,0,0.0364,-6.3374,0,1],"rest":[0.9999,0.0099,0.0034,0,-0.0099,1,0,0,-0.0034,0,1,0,0.0364,-6.3376,0.0001,1],"parentBoneIndex":23,"length":5.7792
,"animation":{"dataType":3,"framePerSecond":30,"keys":[
{"frame":1,"values":[0.9999,0.0099,0.0034,0,-0.0099,1,0,0,-0.0034,0,1,0,0.0364,-6.3374,0,1]},
{"frame":2,"values":[0.9999,0.0099,0.0034,0,-0.0099,1,0,0,-0.0034,0,1,0,0.0364,-6.3374,0,1]}],"loopBehavior":1,"name":"anim","property":"_matrix"}},
{"name":"LeftHandRing3","index":25,"matrix":[1,0.006,-0.0036,0,-0.006,1,-0.003,0,0.0036,0.0031,1,0,-0.0238,-5.7792,0,1],"rest":[1,0.006,-0.0036,0,-0.006,1,-0.0031,0,0.0036,0.0031,1,0,-0.0238,-5.7792,0,1],"parentBoneIndex":24,"length":4.9657
,"animation":{"dataType":3,"framePerSecond":30,"keys":[
{"frame":1,"values":[1,0.006,-0.0036,0,-0.006,1,-0.003,0,0.0036,0.0031,1,0,-0.0238,-5.7792,0,1]},
{"frame":2,"values":[1,0.006,-0.0036,0,-0.006,1,-0.003,0,0.0036,0.0031,1,0,-0.0238,-5.7792,0,1]}],"loopBehavior":1,"name":"anim","property":"_matrix"}},
{"name":"LeftHandRing4","index":26,"matrix":[0.9997,0.0241,0,0,-0.0241,0.9997,0.0031,0,0.0001,-0.0031,1,0,-0.0501,-4.9655,-0.0153,1],"rest":[0.9997,0.0241,0,0,-0.0241,0.9997,0.0031,0,0.0001,-0.0031,1,0,-0.05,-4.9655,-0.0153,1],"parentBoneIndex":25,"length":4.9657
,"animation":{"dataType":3,"framePerSecond":30,"keys":[
{"frame":1,"values":[0.9997,0.0241,0,0,-0.0241,0.9997,0.0031,0,0.0001,-0.0031,1,0,-0.0501,-4.9655,-0.0153,1]},
{"frame":2,"values":[0.9997,0.0241,0,0,-0.0241,0.9997,0.0031,0,0.0001,-0.0031,1,0,-0.0501,-4.9655,-0.0153,1]}],"loopBehavior":1,"name":"anim","property":"_matrix"}},
{"name":"LeftHandPinky1","index":27,"matrix":[0.9641,0.1791,0.196,0,0.1818,-0.9833,0.0044,0,0.1935,0.0314,-0.9806,0,6.6096,21.7885,2.3027,1],"rest":[0.9641,0.1791,0.196,0,0.1818,-0.9833,0.0044,0,0.1935,0.0314,-0.9806,0,6.6096,21.7885,2.3027,1],"parentBoneIndex":10,"length":5.2547
,"animation":{"dataType":3,"framePerSecond":30,"keys":[
{"frame":1,"values":[0.9641,0.1791,0.196,0,0.1818,-0.9833,0.0044,0,0.1935,0.0314,-0.9806,0,6.6096,21.7885,2.3027,1]},
{"frame":2,"values":[0.9641,0.1791,0.196,0,0.1818,-0.9833,0.0044,0,0.1935,0.0314,-0.9806,0,6.6096,21.7885,2.3027,1]}],"loopBehavior":1,"name":"anim","property":"_matrix"}},
{"name":"LeftHandPinky2","index":28,"matrix":[0.9888,-0.0117,0.149,0,0.0095,0.9998,0.0157,0,-0.1492,-0.0141,0.9887,0,-0.0862,-5.2535,-0.0732,1],"rest":[0.9888,-0.0117,0.149,0,0.0095,0.9998,0.0157,0,-0.1492,-0.0141,0.9887,0,-0.0862,-5.2535,-0.0732,1],"parentBoneIndex":27,"length":4.8102
,"animation":{"dataType":3,"framePerSecond":30,"keys":[
{"frame":1,"values":[0.9888,-0.0117,0.149,0,0.0095,0.9998,0.0157,0,-0.1492,-0.0141,0.9887,0,-0.0862,-5.2535,-0.0732,1]},
{"frame":2,"values":[0.9888,-0.0117,0.149,0,0.0095,0.9998,0.0157,0,-0.1492,-0.0141,0.9887,0,-0.0862,-5.2535,-0.0732,1]}],"loopBehavior":1,"name":"anim","property":"_matrix"}},
{"name":"LeftHandPinky3","index":29,"matrix":[0.9999,-0.0147,0.0034,0,0.0146,0.9998,0.0111,0,-0.0035,-0.011,0.9999,0,-0.0316,-4.8101,0.0135,1],"rest":[0.9999,-0.0147,0.0034,0,0.0146,0.9998,0.0111,0,-0.0035,-0.011,0.9999,0,-0.0316,-4.8101,0.0136,1],"parentBoneIndex":28,"length":3.6471
,"animation":{"dataType":3,"framePerSecond":30,"keys":[
{"frame":1,"values":[0.9999,-0.0147,0.0034,0,0.0146,0.9998,0.0111,0,-0.0035,-0.011,0.9999,0,-0.0316,-4.8101,0.0135,1]},
{"frame":2,"values":[0.9999,-0.0147,0.0034,0,0.0146,0.9998,0.0111,0,-0.0035,-0.011,0.9999,0,-0.0316,-4.8101,0.0135,1]}],"loopBehavior":1,"name":"anim","property":"_matrix"}},
{"name":"LeftHandPinky4","index":30,"matrix":[0.9588,-0.2323,0.1634,0,0.2785,0.8823,-0.3795,0,-0.056,0.4094,0.9106,0,0.0296,-3.6468,0.0505,1],"rest":[0.9588,-0.2323,0.1634,0,0.2785,0.8823,-0.3795,0,-0.056,0.4094,0.9106,0,0.0296,-3.6466,0.0503,1],"parentBoneIndex":29,"length":3.6471
,"animation":{"dataType":3,"framePerSecond":30,"keys":[
{"frame":1,"values":[0.9588,-0.2323,0.1634,0,0.2785,0.8823,-0.3795,0,-0.056,0.4094,0.9106,0,0.0296,-3.6468,0.0505,1]},
{"frame":2,"values":[0.9588,-0.2323,0.1634,0,0.2785,0.8823,-0.3795,0,-0.056,0.4094,0.9106,0,0.0296,-3.6468,0.0505,1]}],"loopBehavior":1,"name":"anim","property":"_matrix"}},
{"name":"RightShoulder","index":31,"matrix":[-0.0401,0.0095,0.9991,0,-0.9776,-0.2071,-0.0373,0,0.2066,-0.9783,0.0176,0,-14.8062,16.2193,-4.1165,1],"rest":[-0.0401,0.0095,0.9991,0,-0.9776,-0.2071,-0.0373,0,0.2066,-0.9783,0.0176,0,-14.8062,16.2193,-4.1164,1],"parentBoneIndex":3,"length":9.7168
,"animation":{"dataType":3,"framePerSecond":30,"keys":[
{"frame":1,"values":[-0.0401,0.0095,0.9991,0,-0.9776,-0.2071,-0.0373,0,0.2066,-0.9783,0.0176,0,-14.8062,16.2193,-4.1165,1]},
{"frame":2,"values":[-0.0401,0.0095,0.9991,0,-0.9776,-0.2071,-0.0373,0,0.2066,-0.9783,0.0176,0,-14.8062,16.2193,-4.1165,1]}],"loopBehavior":1,"name":"anim","property":"_matrix"}},
{"name":"RightArm","index":32,"matrix":[0.5527,0.1373,0.822,0,0.0357,0.9815,-0.188,0,-0.8326,0.1332,0.5376,0,-0.0347,9.7014,0.5457,1],"rest":[0.5527,0.1373,0.822,0,0.0357,0.9815,-0.188,0,-0.8326,0.1332,0.5376,0,-0.0348,9.7014,0.5458,1],"parentBoneIndex":31,"length":29.9723
,"animation":{"dataType":3,"framePerSecond":30,"keys":[
{"frame":1,"values":[0.5527,0.1373,0.822,0,0.0357,0.9815,-0.188,0,-0.8326,0.1332,0.5376,0,-0.0347,9.7014,0.5457,1]},
{"frame":2,"values":[0.5527,0.1373,0.822,0,0.0357,0.9815,-0.188,0,-0.8326,0.1332,0.5376,0,-0.0347,9.7014,0.5457,1]}],"loopBehavior":1,"name":"anim","property":"_matrix"}},
{"name":"RightForeArm","index":33,"matrix":[0.9034,-0.0004,-0.4289,0,0.0017,1,0.0026,0,0.4289,-0.0031,0.9034,0,-0.8636,29.9454,-0.9319,1],"rest":[0.9034,-0.0004,-0.4289,0,0.0017,1,0.0026,0,0.4289,-0.0031,0.9034,0,-0.8637,29.9454,-0.932,1],"parentBoneIndex":32,"length":26.0265
,"animation":{"dataType":3,"framePerSecond":30,"keys":[
{"frame":1,"values":[0.9034,-0.0004,-0.4289,0,0.0017,1,0.0026,0,0.4289,-0.0031,0.9034,0,-0.8636,29.9454,-0.9319,1]},
{"frame":2,"values":[0.9034,-0.0004,-0.4289,0,0.0017,1,0.0026,0,0.4289,-0.0031,0.9034,0,-0.8636,29.9454,-0.9319,1]}],"loopBehavior":1,"name":"anim","property":"_matrix"}},
{"name":"RightHand","index":34,"matrix":[0.9697,-0.0462,-0.24,0,0.0382,0.9986,-0.0376,0,0.2414,0.0273,0.97,0,-0.3411,25.9995,-1.1337,1],"rest":[0.8947,0.3786,-0.237,0,-0.3698,0.9255,0.0823,0,0.2505,0.014,0.968,0,-0.3411,25.9995,-1.1337,1],"parentBoneIndex":33,"length":22.5034
,"animation":{"dataType":3,"framePerSecond":30,"keys":[
{"frame":1,"values":[0.9697,-0.0462,-0.24,0,0.0382,0.9986,-0.0376,0,0.2414,0.0273,0.97,0,-0.3411,25.9995,-1.1337,1]},
{"frame":2,"values":[0.9697,-0.0462,-0.24,0,0.0382,0.9986,-0.0376,0,0.2414,0.0273,0.97,0,-0.3411,25.9995,-1.1337,1]}],"loopBehavior":1,"name":"anim","property":"_matrix"}},
{"name":"RightHandThumb1","index":35,"matrix":[0.6828,-0.5903,-0.4305,0,-0.7306,-0.5534,-0.3999,0,-0.0022,0.5876,-0.8092,0,13.5352,7.927,6.2974,1],"rest":[0.6841,-0.5893,-0.4298,0,-0.7294,-0.554,-0.4014,0,-0.0015,0.5881,-0.8088,0,13.5352,7.927,6.2974,1],"parentBoneIndex":34,"length":5.3428
,"animation":{"dataType":3,"framePerSecond":30,"keys":[
{"frame":1,"values":[0.6828,-0.5903,-0.4305,0,-0.7306,-0.5534,-0.3999,0,-0.0022,0.5876,-0.8092,0,13.5352,7.927,6.2974,1]},
{"frame":2,"values":[0.6828,-0.5903,-0.4305,0,-0.7306,-0.5534,-0.3999,0,-0.0022,0.5876,-0.8092,0,13.5352,7.927,6.2974,1]}],"loopBehavior":1,"name":"anim","property":"_matrix"}},
{"name":"RightHandThumb2","index":36,"matrix":[0.9966,-0.0094,0.0821,0,0.0094,1,0.0006,0,-0.0821,0.0002,0.9966,0,0.003,-5.3429,-0.0029,1],"rest":[0.9966,-0.0094,0.0821,0,0.0094,1,0.0005,0,-0.0821,0.0002,0.9966,0,0.0032,-5.3428,-0.0029,1],"parentBoneIndex":35,"length":3.5205
,"animation":{"dataType":3,"framePerSecond":30,"keys":[
{"frame":1,"values":[0.9966,-0.0094,0.0821,0,0.0094,1,0.0006,0,-0.0821,0.0002,0.9966,0,0.003,-5.3429,-0.0029,1]},
{"frame":2,"values":[0.9966,-0.0094,0.0821,0,0.0094,1,0.0006,0,-0.0821,0.0002,0.9966,0,0.003,-5.3429,-0.0029,1]}],"loopBehavior":1,"name":"anim","property":"_matrix"}},
{"name":"RightHandThumb3","index":37,"matrix":[0.9528,0.019,-0.3031,0,-0.0201,0.9998,-0.0006,0,0.303,0.0066,0.953,0,0.035,-3.5203,-0.0028,1],"rest":[0.9528,0.019,-0.3031,0,-0.0201,0.9998,-0.0006,0,0.303,0.0066,0.953,0,0.035,-3.5203,-0.0026,1],"parentBoneIndex":36,"length":5.0879
,"animation":{"dataType":3,"framePerSecond":30,"keys":[
{"frame":1,"values":[0.9528,0.019,-0.3031,0,-0.0201,0.9998,-0.0006,0,0.303,0.0066,0.953,0,0.035,-3.5203,-0.0028,1]},
{"frame":2,"values":[0.9528,0.019,-0.3031,0,-0.0201,0.9998,-0.0006,0,0.303,0.0066,0.953,0,0.035,-3.5203,-0.0028,1]}],"loopBehavior":1,"name":"anim","property":"_matrix"}},
{"name":"RightHandThumb4","index":38,"matrix":[0.9156,-0.4019,-0.012,0,0.3967,0.8982,0.1892,0,-0.0653,-0.178,0.9819,0,-0.0471,-5.0875,-0.0223,1],"rest":[0.9156,-0.4019,-0.012,0,0.3967,0.8982,0.1892,0,-0.0653,-0.178,0.9819,0,-0.0471,-5.0876,-0.0225,1],"parentBoneIndex":37,"length":5.0879
,"animation":{"dataType":3,"framePerSecond":30,"keys":[
{"frame":1,"values":[0.9156,-0.4019,-0.012,0,0.3967,0.8982,0.1892,0,-0.0653,-0.178,0.9819,0,-0.0471,-5.0875,-0.0223,1]},
{"frame":2,"values":[0.9156,-0.4019,-0.012,0,0.3967,0.8982,0.1892,0,-0.0653,-0.178,0.9819,0,-0.0471,-5.0875,-0.0223,1]}],"loopBehavior":1,"name":"anim","property":"_matrix"}},
{"name":"RightHandIndex1","index":39,"matrix":[0.9201,-0.389,-0.0467,0,-0.3868,-0.9208,0.0497,0,-0.0623,-0.0277,-0.9977,0,14.8215,20.382,0.9207,1],"rest":[0.9201,-0.389,-0.0467,0,-0.3868,-0.9208,0.0497,0,-0.0623,-0.0276,-0.9977,0,14.8215,20.3819,0.9206,1],"parentBoneIndex":34,"length":6.4267
,"animation":{"dataType":3,"framePerSecond":30,"keys":[
{"frame":1,"values":[0.9201,-0.389,-0.0467,0,-0.3868,-0.9208,0.0497,0,-0.0623,-0.0277,-0.9977,0,14.8215,20.382,0.9207,1]},
{"frame":2,"values":[0.9201,-0.389,-0.0467,0,-0.3868,-0.9208,0.0497,0,-0.0623,-0.0277,-0.9977,0,14.8215,20.382,0.9207,1]}],"loopBehavior":1,"name":"anim","property":"_matrix"}},
{"name":"RightHandIndex2","index":40,"matrix":[0.997,0.0066,-0.077,0,-0.0054,0.9999,0.0163,0,0.0771,-0.0158,0.9969,0,-0.0769,-6.4252,-0.1138,1],"rest":[0.997,0.0066,-0.077,0,-0.0054,0.9999,0.0163,0,0.0771,-0.0158,0.9969,0,-0.0769,-6.4253,-0.1139,1],"parentBoneIndex":39,"length":5.3379
,"animation":{"dataType":3,"framePerSecond":30,"keys":[
{"frame":1,"values":[0.997,0.0066,-0.077,0,-0.0054,0.9999,0.0163,0,0.0771,-0.0158,0.9969,0,-0.0769,-6.4252,-0.1138,1]},
{"frame":2,"values":[0.997,0.0066,-0.077,0,-0.0054,0.9999,0.0163,0,0.0771,-0.0158,0.9969,0,-0.0769,-6.4252,-0.1138,1]}],"loopBehavior":1,"name":"anim","property":"_matrix"}},
{"name":"RightHandIndex3","index":41,"matrix":[0.9982,-0.0152,-0.0587,0,0.0151,0.9999,-0.0016,0,0.0588,0.0007,0.9983,0,-0.0918,-5.3371,-0.0148,1],"rest":[0.9982,-0.0152,-0.0587,0,0.0151,0.9999,-0.0016,0,0.0588,0.0007,0.9983,0,-0.0918,-5.3371,-0.0148,1],"parentBoneIndex":40,"length":4.4093
,"animation":{"dataType":3,"framePerSecond":30,"keys":[
{"frame":1,"values":[0.9982,-0.0152,-0.0587,0,0.0151,0.9999,-0.0016,0,0.0588,0.0007,0.9983,0,-0.0918,-5.3371,-0.0148,1]},
{"frame":2,"values":[0.9982,-0.0152,-0.0587,0,0.0151,0.9999,-0.0016,0,0.0588,0.0007,0.9983,0,-0.0918,-5.3371,-0.0148,1]}],"loopBehavior":1,"name":"anim","property":"_matrix"}},
{"name":"RightHandIndex4","index":42,"matrix":[0.9366,-0.1985,0.2886,0,0.2468,0.9587,-0.1416,0,-0.2486,0.2039,0.9469,0,-0.008,-4.4093,-0.0198,1],"rest":[0.9366,-0.1985,0.2886,0,0.2468,0.9587,-0.1416,0,-0.2486,0.2039,0.9469,0,-0.0081,-4.4093,-0.0198,1],"parentBoneIndex":41,"length":4.4093
,"animation":{"dataType":3,"framePerSecond":30,"keys":[
{"frame":1,"values":[0.9366,-0.1985,0.2886,0,0.2468,0.9587,-0.1416,0,-0.2486,0.2039,0.9469,0,-0.008,-4.4093,-0.0198,1]},
{"frame":2,"values":[0.9366,-0.1985,0.2886,0,0.2468,0.9587,-0.1416,0,-0.2486,0.2039,0.9469,0,-0.008,-4.4093,-0.0198,1]}],"loopBehavior":1,"name":"anim","property":"_matrix"}},
{"name":"RightHandMiddle1","index":43,"matrix":[0.9203,-0.371,-0.1243,0,-0.3681,-0.9286,0.0462,0,-0.1326,0.0033,-0.9912,0,8.9719,22.0424,-0.749,1],"rest":[0.9203,-0.371,-0.1243,0,-0.3681,-0.9286,0.0462,0,-0.1326,0.0033,-0.9912,0,8.9719,22.0424,-0.749,1],"parentBoneIndex":34,"length":7.1765
,"animation":{"dataType":3,"framePerSecond":30,"keys":[
{"frame":1,"values":[0.9203,-0.371,-0.1243,0,-0.3681,-0.9286,0.0462,0,-0.1326,0.0033,-0.9912,0,8.9719,22.0424,-0.749,1]},
{"frame":2,"values":[0.9203,-0.371,-0.1243,0,-0.3681,-0.9286,0.0462,0,-0.1326,0.0033,-0.9912,0,8.9719,22.0424,-0.749,1]}],"loopBehavior":1,"name":"anim","property":"_matrix"}},
{"name":"RightHandMiddle2","index":44,"matrix":[1,0.0068,-0.0015,0,-0.0068,1,-0.0025,0,0.0015,0.0025,1,0,0.0517,-7.1754,-0.113,1],"rest":[1,0.0069,-0.0015,0,-0.0069,1,-0.0024,0,0.0015,0.0025,1,0,0.0517,-7.1755,-0.1131,1],"parentBoneIndex":43,"length":6.7748
,"animation":{"dataType":3,"framePerSecond":30,"keys":[
{"frame":1,"values":[1,0.0068,-0.0015,0,-0.0068,1,-0.0025,0,0.0015,0.0025,1,0,0.0517,-7.1754,-0.113,1]},
{"frame":2,"values":[1,0.0068,-0.0015,0,-0.0068,1,-0.0025,0,0.0015,0.0025,1,0,0.0517,-7.1754,-0.113,1]}],"loopBehavior":1,"name":"anim","property":"_matrix"}},
{"name":"RightHandMiddle3","index":45,"matrix":[0.9993,0.005,-0.0381,0,-0.0035,0.9993,0.0384,0,0.0382,-0.0383,0.9985,0,0.0026,-6.7737,-0.1233,1],"rest":[0.9992,-0.0096,-0.0383,0,0.0112,0.999,0.0424,0,0.0379,-0.0428,0.9984,0,0.0026,-6.7737,-0.1232,1],"parentBoneIndex":44,"length":5.4034
,"animation":{"dataType":3,"framePerSecond":30,"keys":[
{"frame":1,"values":[0.9993,0.005,-0.0381,0,-0.0035,0.9993,0.0384,0,0.0382,-0.0383,0.9985,0,0.0026,-6.7737,-0.1233,1]},
{"frame":2,"values":[0.9993,0.005,-0.0381,0,-0.0035,0.9993,0.0384,0,0.0382,-0.0383,0.9985,0,0.0026,-6.7737,-0.1233,1]}],"loopBehavior":1,"name":"anim","property":"_matrix"}},
{"name":"RightHandMiddle4","index":46,"matrix":[0.9859,-0.1658,0.0223,0,0.1673,0.9753,-0.1443,0,0.0022,0.146,0.9893,0,-0.0212,-5.4023,0.1086,1],"rest":[0.9859,-0.1658,0.0223,0,0.1673,0.9753,-0.1443,0,0.0022,0.146,0.9893,0,-0.0212,-5.4022,0.1086,1],"parentBoneIndex":45,"length":5.4034
,"animation":{"dataType":3,"framePerSecond":30,"keys":[
{"frame":1,"values":[0.9859,-0.1658,0.0223,0,0.1673,0.9753,-0.1443,0,0.0022,0.146,0.9893,0,-0.0212,-5.4023,0.1086,1]},
{"frame":2,"values":[0.9859,-0.1658,0.0223,0,0.1673,0.9753,-0.1443,0,0.0022,0.146,0.9893,0,-0.0212,-5.4023,0.1086,1]}],"loopBehavior":1,"name":"anim","property":"_matrix"}},
{"name":"RightHandRing1","index":47,"matrix":[0.9734,-0.2175,-0.0715,0,-0.2192,-0.9756,-0.0158,0,-0.0663,0.0311,-0.9973,0,3.1143,23.492,0.4137,1],"rest":[0.9734,-0.2175,-0.0715,0,-0.2192,-0.9756,-0.0158,0,-0.0664,0.0311,-0.9973,0,3.1143,23.4921,0.4137,1],"parentBoneIndex":34,"length":6.3375
,"animation":{"dataType":3,"framePerSecond":30,"keys":[
{"frame":1,"values":[0.9734,-0.2175,-0.0715,0,-0.2192,-0.9756,-0.0158,0,-0.0663,0.0311,-0.9973,0,3.1143,23.492,0.4137,1]},
{"frame":2,"values":[0.9734,-0.2175,-0.0715,0,-0.2192,-0.9756,-0.0158,0,-0.0663,0.0311,-0.9973,0,3.1143,23.492,0.4137,1]}],"loopBehavior":1,"name":"anim","property":"_matrix"}},
{"name":"RightHandRing2","index":48,"matrix":[0.9991,0.013,0.0394,0,-0.0131,0.9999,0.0012,0,-0.0394,-0.0017,0.9992,0,1.0625,-6.2438,0.2229,1],"rest":[0.9991,0.013,0.0394,0,-0.0131,0.9999,0.0012,0,-0.0394,-0.0017,0.9992,0,1.0624,-6.2438,0.2229,1],"parentBoneIndex":47,"length":5.7793
,"animation":{"dataType":3,"framePerSecond":30,"keys":[
{"frame":1,"values":[0.9991,0.013,0.0394,0,-0.0131,0.9999,0.0012,0,-0.0394,-0.0017,0.9992,0,1.0625,-6.2438,0.2229,1]},
{"frame":2,"values":[0.9991,0.013,0.0394,0,-0.0131,0.9999,0.0012,0,-0.0394,-0.0017,0.9992,0,1.0625,-6.2438,0.2229,1]}],"loopBehavior":1,"name":"anim","property":"_matrix"}},
{"name":"RightHandRing3","index":49,"matrix":[0.9994,0.0176,0.0308,0,-0.0175,0.9998,-0.0034,0,-0.0309,0.0029,0.9995,0,0.902,-5.7058,0.1747,1],"rest":[0.9994,0.0175,0.0308,0,-0.0175,0.9998,-0.0034,0,-0.0309,0.0029,0.9995,0,0.902,-5.7058,0.1746,1],"parentBoneIndex":48,"length":4.9657
,"animation":{"dataType":3,"framePerSecond":30,"keys":[
{"frame":1,"values":[0.9994,0.0176,0.0308,0,-0.0175,0.9998,-0.0034,0,-0.0309,0.0029,0.9995,0,0.902,-5.7058,0.1747,1]},
{"frame":2,"values":[0.9994,0.0176,0.0308,0,-0.0175,0.9998,-0.0034,0,-0.0309,0.0029,0.9995,0,0.902,-5.7058,0.1747,1]}],"loopBehavior":1,"name":"anim","property":"_matrix"}},
{"name":"RightHandRing4","index":50,"matrix":[0.9997,-0.0241,0,0,0.0241,0.9997,0.0031,0,-0.0001,-0.0031,1,0,0.6931,-4.9158,0.1119,1],"rest":[0.9997,-0.0241,0,0,0.0241,0.9997,0.0031,0,-0.0001,-0.0031,1,0,0.693,-4.9159,0.1119,1],"parentBoneIndex":49,"length":4.9657
,"animation":{"dataType":3,"framePerSecond":30,"keys":[
{"frame":1,"values":[0.9997,-0.0241,0,0,0.0241,0.9997,0.0031,0,-0.0001,-0.0031,1,0,0.6931,-4.9158,0.1119,1]},
{"frame":2,"values":[0.9997,-0.0241,0,0,0.0241,0.9997,0.0031,0,-0.0001,-0.0031,1,0,0.6931,-4.9158,0.1119,1]}],"loopBehavior":1,"name":"anim","property":"_matrix"}},
{"name":"RightHandPinky1","index":51,"matrix":[0.9463,-0.191,-0.2608,0,-0.2005,-0.9797,-0.0099,0,-0.2536,0.0616,-0.9653,0,-2.4854,22.7044,1.4366,1],"rest":[0.9463,-0.191,-0.2608,0,-0.2005,-0.9796,-0.0099,0,-0.2536,0.0616,-0.9653,0,-2.4856,22.7044,1.4366,1],"parentBoneIndex":34,"length":5.2548
,"animation":{"dataType":3,"framePerSecond":30,"keys":[
{"frame":1,"values":[0.9463,-0.191,-0.2608,0,-0.2005,-0.9797,-0.0099,0,-0.2536,0.0616,-0.9653,0,-2.4854,22.7044,1.4366,1]},
{"frame":2,"values":[0.9463,-0.191,-0.2608,0,-0.2005,-0.9797,-0.0099,0,-0.2536,0.0616,-0.9653,0,-2.4854,22.7044,1.4366,1]}],"loopBehavior":1,"name":"anim","property":"_matrix"}},
{"name":"RightHandPinky2","index":52,"matrix":[0.9938,0.0455,-0.1013,0,-0.0425,0.9986,0.0321,0,0.1027,-0.0276,0.9943,0,0.9876,-5.1609,-0.0428,1],"rest":[0.9938,0.0455,-0.1013,0,-0.0425,0.9986,0.0321,0,0.1027,-0.0276,0.9943,0,0.9877,-5.1609,-0.0427,1],"parentBoneIndex":51,"length":4.8102
,"animation":{"dataType":3,"framePerSecond":30,"keys":[
{"frame":1,"values":[0.9938,0.0455,-0.1013,0,-0.0425,0.9986,0.0321,0,0.1027,-0.0276,0.9943,0,0.9876,-5.1609,-0.0428,1]},
{"frame":2,"values":[0.9938,0.0455,-0.1013,0,-0.0425,0.9986,0.0321,0,0.1027,-0.0276,0.9943,0,0.9876,-5.1609,-0.0428,1]}],"loopBehavior":1,"name":"anim","property":"_matrix"}},
{"name":"RightHandPinky3","index":53,"matrix":[0.9996,0.0288,0.0062,0,-0.0289,0.9993,0.0224,0,-0.0056,-0.0225,0.9997,0,0.6873,-4.7573,0.1841,1],"rest":[0.9996,0.0288,0.0062,0,-0.0289,0.9993,0.0224,0,-0.0056,-0.0225,0.9997,0,0.6874,-4.7573,0.1841,1],"parentBoneIndex":52,"length":3.6472
,"animation":{"dataType":3,"framePerSecond":30,"keys":[
{"frame":1,"values":[0.9996,0.0288,0.0062,0,-0.0289,0.9993,0.0224,0,-0.0056,-0.0225,0.9997,0,0.6873,-4.7573,0.1841,1]},
{"frame":2,"values":[0.9996,0.0288,0.0062,0,-0.0289,0.9993,0.0224,0,-0.0056,-0.0225,0.9997,0,0.6873,-4.7573,0.1841,1]}],"loopBehavior":1,"name":"anim","property":"_matrix"}},
{"name":"RightHandPinky4","index":54,"matrix":[0.9588,0.2323,-0.1634,0,-0.2785,0.8823,-0.3795,0,0.056,0.4094,0.9106,0,0.4179,-3.6167,0.218,1],"rest":[0.9588,0.2323,-0.1634,0,-0.2785,0.8823,-0.3795,0,0.056,0.4094,0.9106,0,0.418,-3.6166,0.2179,1],"parentBoneIndex":53,"length":3.6472
,"animation":{"dataType":3,"framePerSecond":30,"keys":[
{"frame":1,"values":[0.9588,0.2323,-0.1634,0,-0.2785,0.8823,-0.3795,0,0.056,0.4094,0.9106,0,0.4179,-3.6167,0.218,1]},
{"frame":2,"values":[0.9588,0.2323,-0.1634,0,-0.2785,0.8823,-0.3795,0,0.056,0.4094,0.9106,0,0.4179,-3.6167,0.218,1]}],"loopBehavior":1,"name":"anim","property":"_matrix"}},
{"name":"LeftUpLeg","index":55,"matrix":[-0.9608,-0.0121,0.2771,0,0.0991,-0.9481,0.3022,0,0.2591,0.3178,0.9121,0,15.4271,-6.6551,0.6786,1],"rest":[-0.9608,-0.014,0.277,0,0.0988,-0.9505,0.2946,0,0.2592,0.3104,0.9146,0,15.4271,-6.655,0.6787,1],"parentBoneIndex":0,"length":41.8776
,"animation":{"dataType":3,"framePerSecond":30,"keys":[
{"frame":1,"values":[-0.9608,-0.0121,0.2771,0,0.0991,-0.9481,0.3022,0,0.2591,0.3178,0.9121,0,15.4271,-6.6551,0.6786,1]},
{"frame":2,"values":[-0.9608,-0.0121,0.2771,0,0.0991,-0.9481,0.3022,0,0.2591,0.3178,0.9121,0,15.4271,-6.6551,0.6786,1]}],"loopBehavior":1,"name":"anim","property":"_matrix"}},
{"name":"LeftLeg","index":56,"matrix":[0.9997,0.0129,0.0185,0,0.0033,0.7283,-0.6852,0,-0.0223,0.6851,0.7281,0,0.2353,41.8714,0.6836,1],"rest":[0.9998,0.0118,0.0187,0,0.0041,0.7326,-0.6806,0,-0.0217,0.6805,0.7324,0,0.2353,41.8714,0.6836,1],"parentBoneIndex":55,"length":41.157
,"animation":{"dataType":3,"framePerSecond":30,"keys":[
{"frame":1,"values":[0.9997,0.0129,0.0185,0,0.0033,0.7283,-0.6852,0,-0.0223,0.6851,0.7281,0,0.2353,41.8714,0.6836,1]},
{"frame":2,"values":[0.9997,0.0129,0.0185,0,0.0033,0.7283,-0.6852,0,-0.0223,0.6851,0.7281,0,0.2353,41.8714,0.6836,1]}],"loopBehavior":1,"name":"anim","property":"_matrix"}},
{"name":"LeftFoot","index":57,"matrix":[0.9863,0.1456,-0.078,0,0.0507,0.1826,0.9819,0,0.1572,-0.9723,0.1727,0,-0.1322,41.1476,0.8646,1],"rest":[0.9864,0.1447,-0.0779,0,0.051,0.1811,0.9821,0,0.1562,-0.9728,0.1712,0,-0.1323,41.1477,0.8646,1],"parentBoneIndex":56,"length":26.1127
,"animation":{"dataType":3,"framePerSecond":30,"keys":[
{"frame":1,"values":[0.9863,0.1456,-0.078,0,0.0507,0.1826,0.9819,0,0.1572,-0.9723,0.1727,0,-0.1322,41.1476,0.8646,1]},
{"frame":2,"values":[0.9863,0.1456,-0.078,0,0.0507,0.1826,0.9819,0,0.1572,-0.9723,0.1727,0,-0.1322,41.1476,0.8646,1]}],"loopBehavior":1,"name":"anim","property":"_matrix"}},
{"name":"LeftToeBase","index":58,"matrix":[0.9925,0,0.1222,0,-0.0783,0.7679,0.6357,0,-0.0939,-0.6405,0.7622,0,0,26.1127,0,1],"rest":[0.9925,0,0.1222,0,-0.0783,0.7679,0.6357,0,-0.0939,-0.6405,0.7622,0,0,26.1127,0,1],"parentBoneIndex":57,"length":11.669
,"animation":{"dataType":3,"framePerSecond":30,"keys":[
{"frame":1,"values":[0.9925,0,0.1222,0,-0.0783,0.7679,0.6357,0,-0.0939,-0.6405,0.7622,0,0,26.1127,0,1]},
{"frame":2,"values":[0.9925,0,0.1222,0,-0.0783,0.7679,0.6357,0,-0.0939,-0.6405,0.7622,0,0,26.1127,0,1]}],"loopBehavior":1,"name":"anim","property":"_matrix"}},
{"name":"LeftToe_End","index":59,"matrix":[1,0,0,0,0,1,0,0,0,0,1,0,0,11.669,0,1],"rest":[1,0,0,0,0,1,0,0,0,0,1,0,0,11.669,0,1],"parentBoneIndex":58,"length":11.669
,"animation":{"dataType":3,"framePerSecond":30,"keys":[
{"frame":1,"values":[1,0,0,0,0,1,0,0,0,0,1,0,0,11.669,0,1]},
{"frame":2,"values":[1,0,0,0,0,1,0,0,0,0,1,0,0,11.669,0,1]}],"loopBehavior":1,"name":"anim","property":"_matrix"}},
{"name":"RightUpLeg","index":60,"matrix":[-0.9607,0.0121,-0.2772,0,-0.0991,-0.9481,0.3022,0,-0.2591,0.3178,0.9121,0,-15.5695,-6.6551,0.6786,1],"rest":[-0.9607,0.0137,-0.2771,0,-0.0985,-0.9505,0.2946,0,-0.2594,0.3103,0.9146,0,-15.5695,-6.6551,0.6787,1],"parentBoneIndex":0,"length":41.8776
,"animation":{"dataType":3,"framePerSecond":30,"keys":[
{"frame":1,"values":[-0.9607,0.0121,-0.2772,0,-0.0991,-0.9481,0.3022,0,-0.2591,0.3178,0.9121,0,-15.5695,-6.6551,0.6786,1]},
{"frame":2,"values":[-0.9607,0.0121,-0.2772,0,-0.0991,-0.9481,0.3022,0,-0.2591,0.3178,0.9121,0,-15.5695,-6.6551,0.6786,1]}],"loopBehavior":1,"name":"anim","property":"_matrix"}},
{"name":"RightLeg","index":61,"matrix":[0.9997,-0.013,-0.0186,0,-0.0033,0.7283,-0.6852,0,0.0225,0.6851,0.7281,0,-0.2353,41.8714,0.6836,1],"rest":[0.9998,-0.0119,-0.0187,0,-0.0041,0.7326,-0.6806,0,0.0218,0.6805,0.7324,0,-0.2353,41.8713,0.6836,1],"parentBoneIndex":60,"length":41.157
,"animation":{"dataType":3,"framePerSecond":30,"keys":[
{"frame":1,"values":[0.9997,-0.013,-0.0186,0,-0.0033,0.7283,-0.6852,0,0.0225,0.6851,0.7281,0,-0.2353,41.8714,0.6836,1]},
{"frame":2,"values":[0.9997,-0.013,-0.0186,0,-0.0033,0.7283,-0.6852,0,0.0225,0.6851,0.7281,0,-0.2353,41.8714,0.6836,1]}],"loopBehavior":1,"name":"anim","property":"_matrix"}},
{"name":"RightFoot","index":62,"matrix":[0.9862,-0.1457,0.0782,0,-0.0509,0.1826,0.9819,0,-0.1573,-0.9723,0.1727,0,0.1322,41.1476,0.8646,1],"rest":[0.9864,-0.145,0.0779,0,-0.051,0.181,0.9822,0,-0.1565,-0.9727,0.1711,0,0.1323,41.1477,0.8646,1],"parentBoneIndex":61,"length":26.1127
,"animation":{"dataType":3,"framePerSecond":30,"keys":[
{"frame":1,"values":[0.9862,-0.1457,0.0782,0,-0.0509,0.1826,0.9819,0,-0.1573,-0.9723,0.1727,0,0.1322,41.1476,0.8646,1]},
{"frame":2,"values":[0.9862,-0.1457,0.0782,0,-0.0509,0.1826,0.9819,0,-0.1573,-0.9723,0.1727,0,0.1322,41.1476,0.8646,1]}],"loopBehavior":1,"name":"anim","property":"_matrix"}},
